#t x y z x_err y_err z_err
0.000000e+00	0.000000e+00	0.000000e+00	1.000000e+00	6.350000e-03	6.350000e-03	6.350000e-03	
9.009009e-03	1.796023e-01	-2.342671e-06	1.001191e+00	6.350000e-03	6.350000e-03	6.350000e-03	
1.801802e-02	3.580313e-01	-2.982648e-05	1.004711e+00	6.350000e-03	6.350000e-03	6.350000e-03	
2.702703e-02	5.352569e-01	-1.186585e-04	1.010606e+00	6.350000e-03	6.350000e-03	6.350000e-03	
3.603604e-02	7.112392e-01	-2.912780e-04	1.019004e+00	6.350000e-03	6.350000e-03	6.350000e-03	
4.504505e-02	8.859318e-01	-5.493360e-04	1.030010e+00	6.350000e-03	6.350000e-03	6.350000e-03	
5.405405e-02	1.059288e+00	-8.844642e-04	1.043662e+00	6.350000e-03	6.350000e-03	6.350000e-03	
6.306306e-02	1.231266e+00	-1.292297e-03	1.059947e+00	6.350000e-03	6.350000e-03	6.350000e-03	
7.207207e-02	1.401824e+00	-1.778199e-03	1.078832e+00	6.350000e-03	6.350000e-03	6.350000e-03	
8.108108e-02	1.570923e+00	-2.354729e-03	1.100288e+00	6.350000e-03	6.350000e-03	6.350000e-03	
9.009009e-02	1.738517e+00	-3.036541e-03	1.124297e+00	6.350000e-03	6.350000e-03	6.350000e-03	
9.909910e-02	1.904565e+00	-3.836988e-03	1.150839e+00	6.350000e-03	6.350000e-03	6.350000e-03	
1.081081e-01	2.069023e+00	-4.767565e-03	1.179888e+00	6.350000e-03	6.350000e-03	6.350000e-03	
1.171171e-01	2.231852e+00	-5.839082e-03	1.211408e+00	6.350000e-03	6.350000e-03	6.350000e-03	
1.261261e-01	2.393013e+00	-7.062905e-03	1.245354e+00	6.350000e-03	6.350000e-03	6.350000e-03	
1.351351e-01	2.552471e+00	-8.451362e-03	1.281676e+00	6.350000e-03	6.350000e-03	6.350000e-03	
1.441441e-01	2.710193e+00	-1.001734e-02	1.320323e+00	6.350000e-03	6.350000e-03	6.350000e-03	
1.531532e-01	2.866145e+00	-1.177362e-02	1.361243e+00	6.350000e-03	6.350000e-03	6.350000e-03	
1.621622e-01	3.020297e+00	-1.373243e-02	1.404381e+00	6.350000e-03	6.350000e-03	6.350000e-03	
1.711712e-01	3.172620e+00	-1.590532e-02	1.449681e+00	6.350000e-03	6.350000e-03	6.350000e-03	
1.801802e-01	3.323089e+00	-1.830322e-02	1.497082e+00	6.350000e-03	6.350000e-03	6.350000e-03	
1.891892e-01	3.471680e+00	-2.093656e-02	1.546525e+00	6.350000e-03	6.350000e-03	6.350000e-03	
1.981982e-01	3.618370e+00	-2.381530e-02	1.597946e+00	6.350000e-03	6.350000e-03	6.350000e-03	
2.072072e-01	3.763140e+00	-2.694885e-02	1.651282e+00	6.350000e-03	6.350000e-03	6.350000e-03	
2.162162e-01	3.905974e+00	-3.034600e-02	1.706470e+00	6.350000e-03	6.350000e-03	6.350000e-03	
2.252252e-01	4.046854e+00	-3.401477e-02	1.763446e+00	6.350000e-03	6.350000e-03	6.350000e-03	
2.342342e-01	4.185769e+00	-3.796250e-02	1.822145e+00	6.350000e-03	6.350000e-03	6.350000e-03	
2.432432e-01	4.322706e+00	-4.219576e-02	1.882502e+00	6.350000e-03	6.350000e-03	6.350000e-03	
2.522523e-01	4.457657e+00	-4.672042e-02	1.944453e+00	6.350000e-03	6.350000e-03	6.350000e-03	
2.612613e-01	4.590614e+00	-5.154168e-02	2.007933e+00	6.350000e-03	6.350000e-03	6.350000e-03	
2.702703e-01	4.721572e+00	-5.666402e-02	2.072877e+00	6.350000e-03	6.350000e-03	6.350000e-03	
2.792793e-01	4.850527e+00	-6.209126e-02	2.139223e+00	6.350000e-03	6.350000e-03	6.350000e-03	
2.882883e-01	4.977477e+00	-6.782650e-02	2.206905e+00	6.350000e-03	6.350000e-03	6.350000e-03	
2.972973e-01	5.102422e+00	-7.387221e-02	2.275863e+00	6.350000e-03	6.350000e-03	6.350000e-03	
3.063063e-01	5.225365e+00	-8.023020e-02	2.346032e+00	6.350000e-03	6.350000e-03	6.350000e-03	
3.153153e-01	5.346307e+00	-8.690165e-02	2.417354e+00	6.350000e-03	6.350000e-03	6.350000e-03	
3.243243e-01	5.465253e+00	-9.388715e-02	2.489765e+00	6.350000e-03	6.350000e-03	6.350000e-03	
3.333333e-01	5.582210e+00	-1.011867e-01	2.563208e+00	6.350000e-03	6.350000e-03	6.350000e-03	
3.423423e-01	5.697185e+00	-1.087998e-01	2.637624e+00	6.350000e-03	6.350000e-03	6.350000e-03	
3.513514e-01	5.810187e+00	-1.167254e-01	2.712954e+00	6.350000e-03	6.350000e-03	6.350000e-03	
3.603604e-01	5.921226e+00	-1.249619e-01	2.789142e+00	6.350000e-03	6.350000e-03	6.350000e-03	
3.693694e-01	6.030314e+00	-1.335073e-01	2.866134e+00	6.350000e-03	6.350000e-03	6.350000e-03	
3.783784e-01	6.137462e+00	-1.423592e-01	2.943873e+00	6.350000e-03	6.350000e-03	6.350000e-03	
3.873874e-01	6.242684e+00	-1.515146e-01	3.022308e+00	6.350000e-03	6.350000e-03	6.350000e-03	
3.963964e-01	6.345995e+00	-1.609702e-01	3.101385e+00	6.350000e-03	6.350000e-03	6.350000e-03	
4.054054e-01	6.447410e+00	-1.707224e-01	3.181054e+00	6.350000e-03	6.350000e-03	6.350000e-03	
4.144144e-01	6.546947e+00	-1.807673e-01	3.261265e+00	6.350000e-03	6.350000e-03	6.350000e-03	
4.234234e-01	6.644621e+00	-1.911006e-01	3.341970e+00	6.350000e-03	6.350000e-03	6.350000e-03	
4.324324e-01	6.740451e+00	-2.017176e-01	3.423121e+00	6.350000e-03	6.350000e-03	6.350000e-03	
4.414414e-01	6.834456e+00	-2.126136e-01	3.504672e+00	6.350000e-03	6.350000e-03	6.350000e-03	
4.504505e-01	6.926655e+00	-2.237834e-01	3.586577e+00	6.350000e-03	6.350000e-03	6.350000e-03	
4.594595e-01	7.017068e+00	-2.352218e-01	3.668794e+00	6.350000e-03	6.350000e-03	6.350000e-03	
4.684685e-01	7.105717e+00	-2.469233e-01	3.751280e+00	6.350000e-03	6.350000e-03	6.350000e-03	
4.774775e-01	7.192622e+00	-2.588823e-01	3.833992e+00	6.350000e-03	6.350000e-03	6.350000e-03	
4.864865e-01	7.277804e+00	-2.710929e-01	3.916892e+00	6.350000e-03	6.350000e-03	6.350000e-03	
4.954955e-01	7.361287e+00	-2.835492e-01	3.999939e+00	6.350000e-03	6.350000e-03	6.350000e-03	
5.045045e-01	7.443093e+00	-2.962452e-01	4.083097e+00	6.350000e-03	6.350000e-03	6.350000e-03	
5.135135e-01	7.523244e+00	-3.091748e-01	4.166328e+00	6.350000e-03	6.350000e-03	6.350000e-03	
5.225225e-01	7.601764e+00	-3.223317e-01	4.249596e+00	6.350000e-03	6.350000e-03	6.350000e-03	
5.315315e-01	7.678677e+00	-3.357097e-01	4.332869e+00	6.350000e-03	6.350000e-03	6.350000e-03	
5.405405e-01	7.754005e+00	-3.493026e-01	4.416111e+00	6.350000e-03	6.350000e-03	6.350000e-03	
5.495495e-01	7.827774e+00	-3.631039e-01	4.499290e+00	6.350000e-03	6.350000e-03	6.350000e-03	
5.585586e-01	7.900007e+00	-3.771075e-01	4.582377e+00	6.350000e-03	6.350000e-03	6.350000e-03	
5.675676e-01	7.970729e+00	-3.913068e-01	4.665339e+00	6.350000e-03	6.350000e-03	6.350000e-03	
5.765766e-01	8.039963e+00	-4.056957e-01	4.748149e+00	6.350000e-03	6.350000e-03	6.350000e-03	
5.855856e-01	8.107735e+00	-4.202679e-01	4.830778e+00	6.350000e-03	6.350000e-03	6.350000e-03	
5.945946e-01	8.174069e+00	-4.350171e-01	4.913199e+00	6.350000e-03	6.350000e-03	6.350000e-03	
6.036036e-01	8.238990e+00	-4.499371e-01	4.995386e+00	6.350000e-03	6.350000e-03	6.350000e-03	
6.126126e-01	8.302522e+00	-4.650218e-01	5.077313e+00	6.350000e-03	6.350000e-03	6.350000e-03	
6.216216e-01	8.364689e+00	-4.802651e-01	5.158956e+00	6.350000e-03	6.350000e-03	6.350000e-03	
6.306306e-01	8.425517e+00	-4.956610e-01	5.240293e+00	6.350000e-03	6.350000e-03	6.350000e-03	
6.396396e-01	8.485029e+00	-5.112037e-01	5.321299e+00	6.350000e-03	6.350000e-03	6.350000e-03	
6.486486e-01	8.543250e+00	-5.268872e-01	5.401955e+00	6.350000e-03	6.350000e-03	6.350000e-03	
6.576577e-01	8.600205e+00	-5.427059e-01	5.482238e+00	6.350000e-03	6.350000e-03	6.350000e-03	
6.666667e-01	8.655916e+00	-5.586542e-01	5.562129e+00	6.350000e-03	6.350000e-03	6.350000e-03	
6.756757e-01	8.710409e+00	-5.747265e-01	5.641609e+00	6.350000e-03	6.350000e-03	6.350000e-03	
6.846847e-01	8.763707e+00	-5.909174e-01	5.720659e+00	6.350000e-03	6.350000e-03	6.350000e-03	
6.936937e-01	8.815834e+00	-6.072217e-01	5.799261e+00	6.350000e-03	6.350000e-03	6.350000e-03	
7.027027e-01	8.866813e+00	-6.236341e-01	5.877399e+00	6.350000e-03	6.350000e-03	6.350000e-03	
7.117117e-01	8.916668e+00	-6.401497e-01	5.955056e+00	6.350000e-03	6.350000e-03	6.350000e-03	
7.207207e-01	8.965420e+00	-6.567635e-01	6.032216e+00	6.350000e-03	6.350000e-03	6.350000e-03	
7.297297e-01	9.013094e+00	-6.734707e-01	6.108865e+00	6.350000e-03	6.350000e-03	6.350000e-03	
7.387387e-01	9.059712e+00	-6.902666e-01	6.184988e+00	6.350000e-03	6.350000e-03	6.350000e-03	
7.477477e-01	9.105296e+00	-7.071467e-01	6.260572e+00	6.350000e-03	6.350000e-03	6.350000e-03	
7.567568e-01	9.149868e+00	-7.241066e-01	6.335603e+00	6.350000e-03	6.350000e-03	6.350000e-03	
7.657658e-01	9.193450e+00	-7.411420e-01	6.410069e+00	6.350000e-03	6.350000e-03	6.350000e-03	
7.747748e-01	9.236064e+00	-7.582488e-01	6.483959e+00	6.350000e-03	6.350000e-03	6.350000e-03	
7.837838e-01	9.277730e+00	-7.754229e-01	6.557260e+00	6.350000e-03	6.350000e-03	6.350000e-03	
7.927928e-01	9.318470e+00	-7.926605e-01	6.629961e+00	6.350000e-03	6.350000e-03	6.350000e-03	
8.018018e-01	9.358304e+00	-8.099577e-01	6.702053e+00	6.350000e-03	6.350000e-03	6.350000e-03	
8.108108e-01	9.397254e+00	-8.273110e-01	6.773526e+00	6.350000e-03	6.350000e-03	6.350000e-03	
8.198198e-01	9.435338e+00	-8.447169e-01	6.844370e+00	6.350000e-03	6.350000e-03	6.350000e-03	
8.288288e-01	9.472576e+00	-8.621720e-01	6.914575e+00	6.350000e-03	6.350000e-03	6.350000e-03	
8.378378e-01	9.508989e+00	-8.796731e-01	6.984135e+00	6.350000e-03	6.350000e-03	6.350000e-03	
8.468468e-01	9.544596e+00	-8.972169e-01	7.053040e+00	6.350000e-03	6.350000e-03	6.350000e-03	
8.558559e-01	9.579414e+00	-9.148006e-01	7.121282e+00	6.350000e-03	6.350000e-03	6.350000e-03	
8.648649e-01	9.613464e+00	-9.324213e-01	7.188855e+00	6.350000e-03	6.350000e-03	6.350000e-03	
8.738739e-01	9.646762e+00	-9.500762e-01	7.255752e+00	6.350000e-03	6.350000e-03	6.350000e-03	
8.828829e-01	9.679328e+00	-9.677626e-01	7.321966e+00	6.350000e-03	6.350000e-03	6.350000e-03	
8.918919e-01	9.711178e+00	-9.854780e-01	7.387490e+00	6.350000e-03	6.350000e-03	6.350000e-03	
9.009009e-01	9.742330e+00	-1.003220e+00	7.452319e+00	6.350000e-03	6.350000e-03	6.350000e-03	
9.099099e-01	9.772801e+00	-1.020986e+00	7.516448e+00	6.350000e-03	6.350000e-03	6.350000e-03	
9.189189e-01	9.802608e+00	-1.038775e+00	7.579870e+00	6.350000e-03	6.350000e-03	6.350000e-03	
9.279279e-01	9.831767e+00	-1.056583e+00	7.642582e+00	6.350000e-03	6.350000e-03	6.350000e-03	
9.369369e-01	9.860294e+00	-1.074410e+00	7.704577e+00	6.350000e-03	6.350000e-03	6.350000e-03	
9.459459e-01	9.888205e+00	-1.092253e+00	7.765853e+00	6.350000e-03	6.350000e-03	6.350000e-03	
9.549550e-01	9.915515e+00	-1.110109e+00	7.826404e+00	6.350000e-03	6.350000e-03	6.350000e-03	
9.639640e-01	9.942239e+00	-1.127979e+00	7.886227e+00	6.350000e-03	6.350000e-03	6.350000e-03	
9.729730e-01	9.968393e+00	-1.145860e+00	7.945318e+00	6.350000e-03	6.350000e-03	6.350000e-03	
9.819820e-01	9.993991e+00	-1.163750e+00	8.003674e+00	6.350000e-03	6.350000e-03	6.350000e-03	
9.909910e-01	1.001905e+01	-1.181648e+00	8.061291e+00	6.350000e-03	6.350000e-03	6.350000e-03	
1.000000e+00	1.004358e+01	-1.199553e+00	8.118166e+00	6.350000e-03	6.350000e-03	6.350000e-03	
1.009009e+00	1.006759e+01	-1.217464e+00	8.174297e+00	6.350000e-03	6.350000e-03	6.350000e-03	
1.018018e+00	1.009110e+01	-1.235379e+00	8.229681e+00	6.350000e-03	6.350000e-03	6.350000e-03	
1.027027e+00	1.011413e+01	-1.253297e+00	8.284315e+00	6.350000e-03	6.350000e-03	6.350000e-03	
1.036036e+00	1.013668e+01	-1.271217e+00	8.338197e+00	6.350000e-03	6.350000e-03	6.350000e-03	
1.045045e+00	1.015877e+01	-1.289138e+00	8.391325e+00	6.350000e-03	6.350000e-03	6.350000e-03	
1.054054e+00	1.018041e+01	-1.307060e+00	8.443697e+00	6.350000e-03	6.350000e-03	6.350000e-03	
1.063063e+00	1.020161e+01	-1.324981e+00	8.495311e+00	6.350000e-03	6.350000e-03	6.350000e-03	
1.072072e+00	1.022238e+01	-1.342901e+00	8.546165e+00	6.350000e-03	6.350000e-03	6.350000e-03	
1.081081e+00	1.024274e+01	-1.360819e+00	8.596258e+00	6.350000e-03	6.350000e-03	6.350000e-03	
1.090090e+00	1.026269e+01	-1.378734e+00	8.645588e+00	6.350000e-03	6.350000e-03	6.350000e-03	
1.099099e+00	1.028225e+01	-1.396646e+00	8.694154e+00	6.350000e-03	6.350000e-03	6.350000e-03	
1.108108e+00	1.030143e+01	-1.414555e+00	8.741955e+00	6.350000e-03	6.350000e-03	6.350000e-03	
1.117117e+00	1.032024e+01	-1.432459e+00	8.788990e+00	6.350000e-03	6.350000e-03	6.350000e-03	
1.126126e+00	1.033869e+01	-1.450359e+00	8.835257e+00	6.350000e-03	6.350000e-03	6.350000e-03	
1.135135e+00	1.035678e+01	-1.468254e+00	8.880756e+00	6.350000e-03	6.350000e-03	6.350000e-03	
1.144144e+00	1.037453e+01	-1.486143e+00	8.925485e+00	6.350000e-03	6.350000e-03	6.350000e-03	
1.153153e+00	1.039195e+01	-1.504027e+00	8.969445e+00	6.350000e-03	6.350000e-03	6.350000e-03	
1.162162e+00	1.040905e+01	-1.521905e+00	9.012634e+00	6.350000e-03	6.350000e-03	6.350000e-03	
1.171171e+00	1.042583e+01	-1.539777e+00	9.055052e+00	6.350000e-03	6.350000e-03	6.350000e-03	
1.180180e+00	1.044231e+01	-1.557643e+00	9.096698e+00	6.350000e-03	6.350000e-03	6.350000e-03	
1.189189e+00	1.045849e+01	-1.575503e+00	9.137572e+00	6.350000e-03	6.350000e-03	6.350000e-03	
1.198198e+00	1.047438e+01	-1.593357e+00	9.177673e+00	6.350000e-03	6.350000e-03	6.350000e-03	
1.207207e+00	1.049000e+01	-1.611204e+00	9.217002e+00	6.350000e-03	6.350000e-03	6.350000e-03	
1.216216e+00	1.050533e+01	-1.629045e+00	9.255557e+00	6.350000e-03	6.350000e-03	6.350000e-03	
1.225225e+00	1.052041e+01	-1.646879e+00	9.293339e+00	6.350000e-03	6.350000e-03	6.350000e-03	
1.234234e+00	1.053523e+01	-1.664708e+00	9.330347e+00	6.350000e-03	6.350000e-03	6.350000e-03	
1.243243e+00	1.054979e+01	-1.682530e+00	9.366581e+00	6.350000e-03	6.350000e-03	6.350000e-03	
1.252252e+00	1.056412e+01	-1.700346e+00	9.402041e+00	6.350000e-03	6.350000e-03	6.350000e-03	
1.261261e+00	1.057821e+01	-1.718156e+00	9.436727e+00	6.350000e-03	6.350000e-03	6.350000e-03	
1.270270e+00	1.059207e+01	-1.735961e+00	9.470639e+00	6.350000e-03	6.350000e-03	6.350000e-03	
1.279279e+00	1.060571e+01	-1.753760e+00	9.503777e+00	6.350000e-03	6.350000e-03	6.350000e-03	
1.288288e+00	1.061913e+01	-1.771554e+00	9.536140e+00	6.350000e-03	6.350000e-03	6.350000e-03	
1.297297e+00	1.063234e+01	-1.789342e+00	9.567730e+00	6.350000e-03	6.350000e-03	6.350000e-03	
1.306306e+00	1.064535e+01	-1.807126e+00	9.598545e+00	6.350000e-03	6.350000e-03	6.350000e-03	
1.315315e+00	1.065816e+01	-1.824906e+00	9.628586e+00	6.350000e-03	6.350000e-03	6.350000e-03	
1.324324e+00	1.067078e+01	-1.842682e+00	9.657853e+00	6.350000e-03	6.350000e-03	6.350000e-03	
1.333333e+00	1.068321e+01	-1.860454e+00	9.686346e+00	6.350000e-03	6.350000e-03	6.350000e-03	
1.342342e+00	1.069546e+01	-1.878222e+00	9.714065e+00	6.350000e-03	6.350000e-03	6.350000e-03	
1.351351e+00	1.070754e+01	-1.895987e+00	9.741011e+00	6.350000e-03	6.350000e-03	6.350000e-03	
1.360360e+00	1.071944e+01	-1.913750e+00	9.767182e+00	6.350000e-03	6.350000e-03	6.350000e-03	
1.369369e+00	1.073118e+01	-1.931511e+00	9.792580e+00	6.350000e-03	6.350000e-03	6.350000e-03	
1.378378e+00	1.074276e+01	-1.949269e+00	9.817205e+00	6.350000e-03	6.350000e-03	6.350000e-03	
1.387387e+00	1.075418e+01	-1.967027e+00	9.841056e+00	6.350000e-03	6.350000e-03	6.350000e-03	
1.396396e+00	1.076545e+01	-1.984783e+00	9.864134e+00	6.350000e-03	6.350000e-03	6.350000e-03	
1.405405e+00	1.077658e+01	-2.002540e+00	9.886438e+00	6.350000e-03	6.350000e-03	6.350000e-03	
1.414414e+00	1.078756e+01	-2.020296e+00	9.907970e+00	6.350000e-03	6.350000e-03	6.350000e-03	
1.423423e+00	1.079840e+01	-2.038053e+00	9.928728e+00	6.350000e-03	6.350000e-03	6.350000e-03	
1.432432e+00	1.080910e+01	-2.055811e+00	9.948713e+00	6.350000e-03	6.350000e-03	6.350000e-03	
1.441441e+00	1.081967e+01	-2.073571e+00	9.967926e+00	6.350000e-03	6.350000e-03	6.350000e-03	
1.450450e+00	1.083012e+01	-2.091334e+00	9.986365e+00	6.350000e-03	6.350000e-03	6.350000e-03	
1.459459e+00	1.084044e+01	-2.109099e+00	1.000403e+01	6.350000e-03	6.350000e-03	6.350000e-03	
1.468468e+00	1.085064e+01	-2.126867e+00	1.002092e+01	6.350000e-03	6.350000e-03	6.350000e-03	
1.477477e+00	1.086072e+01	-2.144640e+00	1.003704e+01	6.350000e-03	6.350000e-03	6.350000e-03	
1.486486e+00	1.087069e+01	-2.162418e+00	1.005239e+01	6.350000e-03	6.350000e-03	6.350000e-03	
1.495495e+00	1.088054e+01	-2.180201e+00	1.006697e+01	6.350000e-03	6.350000e-03	6.350000e-03	
1.504505e+00	1.089029e+01	-2.197989e+00	1.008077e+01	6.350000e-03	6.350000e-03	6.350000e-03	
1.513514e+00	1.089993e+01	-2.215785e+00	1.009379e+01	6.350000e-03	6.350000e-03	6.350000e-03	
1.522523e+00	1.090946e+01	-2.233588e+00	1.010605e+01	6.350000e-03	6.350000e-03	6.350000e-03	
1.531532e+00	1.091890e+01	-2.251398e+00	1.011753e+01	6.350000e-03	6.350000e-03	6.350000e-03	
1.540541e+00	1.092823e+01	-2.269218e+00	1.012823e+01	6.350000e-03	6.350000e-03	6.350000e-03	
1.549550e+00	1.093747e+01	-2.287046e+00	1.013817e+01	6.350000e-03	6.350000e-03	6.350000e-03	
1.558559e+00	1.094661e+01	-2.304885e+00	1.014732e+01	6.350000e-03	6.350000e-03	6.350000e-03	
1.567568e+00	1.095566e+01	-2.322734e+00	1.015571e+01	6.350000e-03	6.350000e-03	6.350000e-03	
1.576577e+00	1.096461e+01	-2.340595e+00	1.016332e+01	6.350000e-03	6.350000e-03	6.350000e-03	
1.585586e+00	1.097348e+01	-2.358467e+00	1.017015e+01	6.350000e-03	6.350000e-03	6.350000e-03	
1.594595e+00	1.098225e+01	-2.376353e+00	1.017620e+01	6.350000e-03	6.350000e-03	6.350000e-03	
1.603604e+00	1.099094e+01	-2.394251e+00	1.018148e+01	6.350000e-03	6.350000e-03	6.350000e-03	
1.612613e+00	1.099954e+01	-2.412163e+00	1.018598e+01	6.350000e-03	6.350000e-03	6.350000e-03	
1.621622e+00	1.100805e+01	-2.430090e+00	1.018971e+01	6.350000e-03	6.350000e-03	6.350000e-03	
1.630631e+00	1.101647e+01	-2.448032e+00	1.019266e+01	6.350000e-03	6.350000e-03	6.350000e-03	
1.639640e+00	1.102481e+01	-2.465990e+00	1.019482e+01	6.350000e-03	6.350000e-03	6.350000e-03	
1.648649e+00	1.103306e+01	-2.483963e+00	1.019621e+01	6.350000e-03	6.350000e-03	6.350000e-03	
1.657658e+00	1.104123e+01	-2.501953e+00	1.019682e+01	6.350000e-03	6.350000e-03	6.350000e-03	
1.666667e+00	1.104931e+01	-2.519960e+00	1.019665e+01	6.350000e-03	6.350000e-03	6.350000e-03	
1.675676e+00	1.105731e+01	-2.537984e+00	1.019569e+01	6.350000e-03	6.350000e-03	6.350000e-03	
1.684685e+00	1.106521e+01	-2.556025e+00	1.019396e+01	6.350000e-03	6.350000e-03	6.350000e-03	
1.693694e+00	1.107303e+01	-2.574084e+00	1.019144e+01	6.350000e-03	6.350000e-03	6.350000e-03	
1.702703e+00	1.108076e+01	-2.592161e+00	1.018814e+01	6.350000e-03	6.350000e-03	6.350000e-03	
1.711712e+00	1.108841e+01	-2.610255e+00	1.018405e+01	6.350000e-03	6.350000e-03	6.350000e-03	
1.720721e+00	1.109596e+01	-2.628368e+00	1.017918e+01	6.350000e-03	6.350000e-03	6.350000e-03	
1.729730e+00	1.110341e+01	-2.646498e+00	1.017352e+01	6.350000e-03	6.350000e-03	6.350000e-03	
1.738739e+00	1.111078e+01	-2.664645e+00	1.016708e+01	6.350000e-03	6.350000e-03	6.350000e-03	
1.747748e+00	1.111804e+01	-2.682810e+00	1.015985e+01	6.350000e-03	6.350000e-03	6.350000e-03	
1.756757e+00	1.112521e+01	-2.700993e+00	1.015184e+01	6.350000e-03	6.350000e-03	6.350000e-03	
1.765766e+00	1.113228e+01	-2.719192e+00	1.014304e+01	6.350000e-03	6.350000e-03	6.350000e-03	
1.774775e+00	1.113925e+01	-2.737407e+00	1.013345e+01	6.350000e-03	6.350000e-03	6.350000e-03	
1.783784e+00	1.114611e+01	-2.755639e+00	1.012307e+01	6.350000e-03	6.350000e-03	6.350000e-03	
1.792793e+00	1.115286e+01	-2.773886e+00	1.011191e+01	6.350000e-03	6.350000e-03	6.350000e-03	
1.801802e+00	1.115951e+01	-2.792149e+00	1.009996e+01	6.350000e-03	6.350000e-03	6.350000e-03	
1.810811e+00	1.116604e+01	-2.810426e+00	1.008722e+01	6.350000e-03	6.350000e-03	6.350000e-03	
1.819820e+00	1.117246e+01	-2.828717e+00	1.007370e+01	6.350000e-03	6.350000e-03	6.350000e-03	
1.828829e+00	1.117876e+01	-2.847021e+00	1.005938e+01	6.350000e-03	6.350000e-03	6.350000e-03	
1.837838e+00	1.118493e+01	-2.865338e+00	1.004429e+01	6.350000e-03	6.350000e-03	6.350000e-03	
1.846847e+00	1.119098e+01	-2.883667e+00	1.002840e+01	6.350000e-03	6.350000e-03	6.350000e-03	
1.855856e+00	1.119691e+01	-2.902007e+00	1.001173e+01	6.350000e-03	6.350000e-03	6.350000e-03	
1.864865e+00	1.120270e+01	-2.920358e+00	9.994275e+00	6.350000e-03	6.350000e-03	6.350000e-03	
1.873874e+00	1.120835e+01	-2.938718e+00	9.976035e+00	6.350000e-03	6.350000e-03	6.350000e-03	
1.882883e+00	1.121387e+01	-2.957088e+00	9.957011e+00	6.350000e-03	6.350000e-03	6.350000e-03	
1.891892e+00	1.121925e+01	-2.975465e+00	9.937205e+00	6.350000e-03	6.350000e-03	6.350000e-03	
1.900901e+00	1.122447e+01	-2.993850e+00	9.916616e+00	6.350000e-03	6.350000e-03	6.350000e-03	
1.909910e+00	1.122955e+01	-3.012242e+00	9.895247e+00	6.350000e-03	6.350000e-03	6.350000e-03	
1.918919e+00	1.123448e+01	-3.030639e+00	9.873099e+00	6.350000e-03	6.350000e-03	6.350000e-03	
1.927928e+00	1.123924e+01	-3.049040e+00	9.850172e+00	6.350000e-03	6.350000e-03	6.350000e-03	
1.936937e+00	1.124385e+01	-3.067446e+00	9.826467e+00	6.350000e-03	6.350000e-03	6.350000e-03	
1.945946e+00	1.124829e+01	-3.085855e+00	9.801988e+00	6.350000e-03	6.350000e-03	6.350000e-03	
1.954955e+00	1.125256e+01	-3.104266e+00	9.776734e+00	6.350000e-03	6.350000e-03	6.350000e-03	
1.963964e+00	1.125665e+01	-3.122677e+00	9.750707e+00	6.350000e-03	6.350000e-03	6.350000e-03	
1.972973e+00	1.126057e+01	-3.141090e+00	9.723909e+00	6.350000e-03	6.350000e-03	6.350000e-03	
1.981982e+00	1.126430e+01	-3.159501e+00	9.696342e+00	6.350000e-03	6.350000e-03	6.350000e-03	
1.990991e+00	1.126785e+01	-3.177910e+00	9.668008e+00	6.350000e-03	6.350000e-03	6.350000e-03	
2.000000e+00	1.127121e+01	-3.196317e+00	9.638908e+00	6.350000e-03	6.350000e-03	6.350000e-03	
2.009009e+00	1.127437e+01	-3.214720e+00	9.609045e+00	6.350000e-03	6.350000e-03	6.350000e-03	
2.018018e+00	1.127733e+01	-3.233119e+00	9.578420e+00	6.350000e-03	6.350000e-03	6.350000e-03	
2.027027e+00	1.128009e+01	-3.251512e+00	9.547036e+00	6.350000e-03	6.350000e-03	6.350000e-03	
2.036036e+00	1.128264e+01	-3.269898e+00	9.514895e+00	6.350000e-03	6.350000e-03	6.350000e-03	
2.045045e+00	1.128498e+01	-3.288277e+00	9.481999e+00	6.350000e-03	6.350000e-03	6.350000e-03	
2.054054e+00	1.128711e+01	-3.306647e+00	9.448351e+00	6.350000e-03	6.350000e-03	6.350000e-03	
2.063063e+00	1.128901e+01	-3.325008e+00	9.413953e+00	6.350000e-03	6.350000e-03	6.350000e-03	
2.072072e+00	1.129069e+01	-3.343358e+00	9.378808e+00	6.350000e-03	6.350000e-03	6.350000e-03	
2.081081e+00	1.129214e+01	-3.361696e+00	9.342919e+00	6.350000e-03	6.350000e-03	6.350000e-03	
2.090090e+00	1.129335e+01	-3.380022e+00	9.306287e+00	6.350000e-03	6.350000e-03	6.350000e-03	
2.099099e+00	1.129433e+01	-3.398335e+00	9.268917e+00	6.350000e-03	6.350000e-03	6.350000e-03	
2.108108e+00	1.129506e+01	-3.416632e+00	9.230810e+00	6.350000e-03	6.350000e-03	6.350000e-03	
2.117117e+00	1.129555e+01	-3.434914e+00	9.191970e+00	6.350000e-03	6.350000e-03	6.350000e-03	
2.126126e+00	1.129579e+01	-3.453180e+00	9.152400e+00	6.350000e-03	6.350000e-03	6.350000e-03	
2.135135e+00	1.129577e+01	-3.471428e+00	9.112103e+00	6.350000e-03	6.350000e-03	6.350000e-03	
2.144144e+00	1.129549e+01	-3.489658e+00	9.071082e+00	6.350000e-03	6.350000e-03	6.350000e-03	
2.153153e+00	1.129495e+01	-3.507868e+00	9.029341e+00	6.350000e-03	6.350000e-03	6.350000e-03	
2.162162e+00	1.129414e+01	-3.526057e+00	8.986882e+00	6.350000e-03	6.350000e-03	6.350000e-03	
2.171171e+00	1.129306e+01	-3.544226e+00	8.943710e+00	6.350000e-03	6.350000e-03	6.350000e-03	
2.180180e+00	1.129170e+01	-3.562372e+00	8.899827e+00	6.350000e-03	6.350000e-03	6.350000e-03	
2.189189e+00	1.129007e+01	-3.580494e+00	8.855238e+00	6.350000e-03	6.350000e-03	6.350000e-03	
2.198198e+00	1.128814e+01	-3.598593e+00	8.809945e+00	6.350000e-03	6.350000e-03	6.350000e-03	
2.207207e+00	1.128593e+01	-3.616666e+00	8.763953e+00	6.350000e-03	6.350000e-03	6.350000e-03	
2.216216e+00	1.128343e+01	-3.634713e+00	8.717266e+00	6.350000e-03	6.350000e-03	6.350000e-03	
2.225225e+00	1.128062e+01	-3.652733e+00	8.669887e+00	6.350000e-03	6.350000e-03	6.350000e-03	
2.234234e+00	1.127752e+01	-3.670726e+00	8.621820e+00	6.350000e-03	6.350000e-03	6.350000e-03	
2.243243e+00	1.127411e+01	-3.688690e+00	8.573070e+00	6.350000e-03	6.350000e-03	6.350000e-03	
2.252252e+00	1.127038e+01	-3.706624e+00	8.523639e+00	6.350000e-03	6.350000e-03	6.350000e-03	
2.261261e+00	1.126635e+01	-3.724528e+00	8.473534e+00	6.350000e-03	6.350000e-03	6.350000e-03	
2.270270e+00	1.126199e+01	-3.742401e+00	8.422757e+00	6.350000e-03	6.350000e-03	6.350000e-03	
2.279279e+00	1.125732e+01	-3.760242e+00	8.371313e+00	6.350000e-03	6.350000e-03	6.350000e-03	
2.288288e+00	1.125231e+01	-3.778050e+00	8.319207e+00	6.350000e-03	6.350000e-03	6.350000e-03	
2.297297e+00	1.124698e+01	-3.795825e+00	8.266442e+00	6.350000e-03	6.350000e-03	6.350000e-03	
2.306306e+00	1.124130e+01	-3.813566e+00	8.213024e+00	6.350000e-03	6.350000e-03	6.350000e-03	
2.315315e+00	1.123529e+01	-3.831271e+00	8.158957e+00	6.350000e-03	6.350000e-03	6.350000e-03	
2.324324e+00	1.122893e+01	-3.848941e+00	8.104246e+00	6.350000e-03	6.350000e-03	6.350000e-03	
2.333333e+00	1.122223e+01	-3.866575e+00	8.048895e+00	6.350000e-03	6.350000e-03	6.350000e-03	
2.342342e+00	1.121517e+01	-3.884172e+00	7.992909e+00	6.350000e-03	6.350000e-03	6.350000e-03	
2.351351e+00	1.120776e+01	-3.901731e+00	7.936293e+00	6.350000e-03	6.350000e-03	6.350000e-03	
2.360360e+00	1.119998e+01	-3.919252e+00	7.879053e+00	6.350000e-03	6.350000e-03	6.350000e-03	
2.369369e+00	1.119184e+01	-3.936735e+00	7.821192e+00	6.350000e-03	6.350000e-03	6.350000e-03	
2.378378e+00	1.118333e+01	-3.954178e+00	7.762717e+00	6.350000e-03	6.350000e-03	6.350000e-03	
2.387387e+00	1.117444e+01	-3.971582e+00	7.703632e+00	6.350000e-03	6.350000e-03	6.350000e-03	
2.396396e+00	1.116517e+01	-3.988945e+00	7.643943e+00	6.350000e-03	6.350000e-03	6.350000e-03	
2.405405e+00	1.115552e+01	-4.006267e+00	7.583655e+00	6.350000e-03	6.350000e-03	6.350000e-03	
2.414414e+00	1.114549e+01	-4.023548e+00	7.522774e+00	6.350000e-03	6.350000e-03	6.350000e-03	
2.423423e+00	1.113506e+01	-4.040788e+00	7.461304e+00	6.350000e-03	6.350000e-03	6.350000e-03	
2.432432e+00	1.112423e+01	-4.057986e+00	7.399252e+00	6.350000e-03	6.350000e-03	6.350000e-03	
2.441441e+00	1.111300e+01	-4.075141e+00	7.336624e+00	6.350000e-03	6.350000e-03	6.350000e-03	
2.450450e+00	1.110137e+01	-4.092254e+00	7.273424e+00	6.350000e-03	6.350000e-03	6.350000e-03	
2.459459e+00	1.108932e+01	-4.109323e+00	7.209659e+00	6.350000e-03	6.350000e-03	6.350000e-03	
2.468468e+00	1.107686e+01	-4.126350e+00	7.145334e+00	6.350000e-03	6.350000e-03	6.350000e-03	
2.477477e+00	1.106398e+01	-4.143333e+00	7.080456e+00	6.350000e-03	6.350000e-03	6.350000e-03	
2.486486e+00	1.105068e+01	-4.160273e+00	7.015031e+00	6.350000e-03	6.350000e-03	6.350000e-03	
2.495495e+00	1.103694e+01	-4.177168e+00	6.949065e+00	6.350000e-03	6.350000e-03	6.350000e-03	
2.504505e+00	1.102277e+01	-4.194020e+00	6.882564e+00	6.350000e-03	6.350000e-03	6.350000e-03	
2.513514e+00	1.100817e+01	-4.210828e+00	6.815534e+00	6.350000e-03	6.350000e-03	6.350000e-03	
2.522523e+00	1.099311e+01	-4.227592e+00	6.747982e+00	6.350000e-03	6.350000e-03	6.350000e-03	
2.531532e+00	1.097761e+01	-4.244312e+00	6.679915e+00	6.350000e-03	6.350000e-03	6.350000e-03	
2.540541e+00	1.096166e+01	-4.260988e+00	6.611338e+00	6.350000e-03	6.350000e-03	6.350000e-03	
2.549550e+00	1.094525e+01	-4.277619e+00	6.542259e+00	6.350000e-03	6.350000e-03	6.350000e-03	
2.558559e+00	1.092837e+01	-4.294207e+00	6.472685e+00	6.350000e-03	6.350000e-03	6.350000e-03	
2.567568e+00	1.091102e+01	-4.310751e+00	6.402622e+00	6.350000e-03	6.350000e-03	6.350000e-03	
2.576577e+00	1.089320e+01	-4.327251e+00	6.332077e+00	6.350000e-03	6.350000e-03	6.350000e-03	
2.585586e+00	1.087491e+01	-4.343708e+00	6.261057e+00	6.350000e-03	6.350000e-03	6.350000e-03	
2.594595e+00	1.085612e+01	-4.360121e+00	6.189570e+00	6.350000e-03	6.350000e-03	6.350000e-03	
2.603604e+00	1.083685e+01	-4.376492e+00	6.117623e+00	6.350000e-03	6.350000e-03	6.350000e-03	
2.612613e+00	1.081708e+01	-4.392820e+00	6.045223e+00	6.350000e-03	6.350000e-03	6.350000e-03	
2.621622e+00	1.079682e+01	-4.409105e+00	5.972378e+00	6.350000e-03	6.350000e-03	6.350000e-03	
2.630631e+00	1.077604e+01	-4.425349e+00	5.899095e+00	6.350000e-03	6.350000e-03	6.350000e-03	
2.639640e+00	1.075476e+01	-4.441551e+00	5.825382e+00	6.350000e-03	6.350000e-03	6.350000e-03	
2.648649e+00	1.073296e+01	-4.457711e+00	5.751246e+00	6.350000e-03	6.350000e-03	6.350000e-03	
2.657658e+00	1.071064e+01	-4.473831e+00	5.676696e+00	6.350000e-03	6.350000e-03	6.350000e-03	
2.666667e+00	1.068780e+01	-4.489911e+00	5.601740e+00	6.350000e-03	6.350000e-03	6.350000e-03	
2.675676e+00	1.066442e+01	-4.505952e+00	5.526386e+00	6.350000e-03	6.350000e-03	6.350000e-03	
2.684685e+00	1.064051e+01	-4.521953e+00	5.450641e+00	6.350000e-03	6.350000e-03	6.350000e-03	
2.693694e+00	1.061605e+01	-4.537916e+00	5.374515e+00	6.350000e-03	6.350000e-03	6.350000e-03	
2.702703e+00	1.059104e+01	-4.553841e+00	5.298015e+00	6.350000e-03	6.350000e-03	6.350000e-03	
2.711712e+00	1.056548e+01	-4.569730e+00	5.221150e+00	6.350000e-03	6.350000e-03	6.350000e-03	
2.720721e+00	1.053937e+01	-4.585582e+00	5.143930e+00	6.350000e-03	6.350000e-03	6.350000e-03	
2.729730e+00	1.051268e+01	-4.601398e+00	5.066362e+00	6.350000e-03	6.350000e-03	6.350000e-03	
2.738739e+00	1.048543e+01	-4.617180e+00	4.988456e+00	6.350000e-03	6.350000e-03	6.350000e-03	
2.747748e+00	1.045760e+01	-4.632928e+00	4.910221e+00	6.350000e-03	6.350000e-03	6.350000e-03	
2.756757e+00	1.042920e+01	-4.648643e+00	4.831665e+00	6.350000e-03	6.350000e-03	6.350000e-03	
2.765766e+00	1.040020e+01	-4.664326e+00	4.752798e+00	6.350000e-03	6.350000e-03	6.350000e-03	
2.774775e+00	1.037062e+01	-4.679978e+00	4.673630e+00	6.350000e-03	6.350000e-03	6.350000e-03	
2.783784e+00	1.034043e+01	-4.695599e+00	4.594169e+00	6.350000e-03	6.350000e-03	6.350000e-03	
2.792793e+00	1.030965e+01	-4.711192e+00	4.514426e+00	6.350000e-03	6.350000e-03	6.350000e-03	
2.801802e+00	1.027826e+01	-4.726756e+00	4.434410e+00	6.350000e-03	6.350000e-03	6.350000e-03	
2.810811e+00	1.024625e+01	-4.742293e+00	4.354132e+00	6.350000e-03	6.350000e-03	6.350000e-03	
2.819820e+00	1.021363e+01	-4.757803e+00	4.273600e+00	6.350000e-03	6.350000e-03	6.350000e-03	
2.828829e+00	1.018038e+01	-4.773289e+00	4.192825e+00	6.350000e-03	6.350000e-03	6.350000e-03	
2.837838e+00	1.014651e+01	-4.788751e+00	4.111818e+00	6.350000e-03	6.350000e-03	6.350000e-03	
2.846847e+00	1.011200e+01	-4.804191e+00	4.030588e+00	6.350000e-03	6.350000e-03	6.350000e-03	
2.855856e+00	1.007686e+01	-4.819608e+00	3.949146e+00	6.350000e-03	6.350000e-03	6.350000e-03	
2.864865e+00	1.004107e+01	-4.835006e+00	3.867502e+00	6.350000e-03	6.350000e-03	6.350000e-03	
2.873874e+00	1.000463e+01	-4.850384e+00	3.785668e+00	6.350000e-03	6.350000e-03	6.350000e-03	
2.882883e+00	9.967540e+00	-4.865744e+00	3.703653e+00	6.350000e-03	6.350000e-03	6.350000e-03	
2.891892e+00	9.929792e+00	-4.881088e+00	3.621470e+00	6.350000e-03	6.350000e-03	6.350000e-03	
2.900901e+00	9.891381e+00	-4.896416e+00	3.539128e+00	6.350000e-03	6.350000e-03	6.350000e-03	
2.909910e+00	9.852303e+00	-4.911730e+00	3.456639e+00	6.350000e-03	6.350000e-03	6.350000e-03	
2.918919e+00	9.812554e+00	-4.927031e+00	3.374014e+00	6.350000e-03	6.350000e-03	6.350000e-03	
2.927928e+00	9.772130e+00	-4.942321e+00	3.291265e+00	6.350000e-03	6.350000e-03	6.350000e-03	
2.936937e+00	9.731025e+00	-4.957600e+00	3.208402e+00	6.350000e-03	6.350000e-03	6.350000e-03	
2.945946e+00	9.689235e+00	-4.972870e+00	3.125438e+00	6.350000e-03	6.350000e-03	6.350000e-03	
2.954955e+00	9.646758e+00	-4.988132e+00	3.042384e+00	6.350000e-03	6.350000e-03	6.350000e-03	
2.963964e+00	9.603588e+00	-5.003388e+00	2.959251e+00	6.350000e-03	6.350000e-03	6.350000e-03	
2.972973e+00	9.559722e+00	-5.018639e+00	2.876053e+00	6.350000e-03	6.350000e-03	6.350000e-03	
2.981982e+00	9.515157e+00	-5.033886e+00	2.792799e+00	6.350000e-03	6.350000e-03	6.350000e-03	
2.990991e+00	9.469888e+00	-5.049130e+00	2.709503e+00	6.350000e-03	6.350000e-03	6.350000e-03	
