0.000000000000000000e+00
3.003003003003002977e-03
6.006006006006005954e-03
9.009009009009008931e-03
1.201201201201201191e-02
1.501501501501501488e-02
1.801801801801801786e-02
2.102102102102101910e-02
2.402402402402402382e-02
2.702702702702702853e-02
3.003003003003002977e-02
3.303303303303303101e-02
3.603603603603603572e-02
3.903903903903904044e-02
4.204204204204203821e-02
4.504504504504504292e-02
4.804804804804804763e-02
5.105105105105105234e-02
5.405405405405405705e-02
5.705705705705705483e-02
6.006006006006005954e-02
6.306306306306305731e-02
6.606606606606606202e-02
6.906906906906906674e-02
7.207207207207207145e-02
7.507507507507507616e-02
7.807807807807808087e-02
8.108108108108108558e-02
8.408408408408407642e-02
8.708708708708708113e-02
9.009009009009008584e-02
9.309309309309309055e-02
9.609609609609609526e-02
9.909909909909909997e-02
1.021021021021021047e-01
1.051051051051051094e-01
1.081081081081081141e-01
1.111111111111111049e-01
1.141141141141141097e-01
1.171171171171171144e-01
1.201201201201201191e-01
1.231231231231231238e-01
1.261261261261261146e-01
1.291291291291291332e-01
1.321321321321321240e-01
1.351351351351351426e-01
1.381381381381381335e-01
1.411411411411411521e-01
1.441441441441441429e-01
1.471471471471471337e-01
1.501501501501501523e-01
1.531531531531531432e-01
1.561561561561561617e-01
1.591591591591591526e-01
1.621621621621621712e-01
1.651651651651651620e-01
1.681681681681681528e-01
1.711711711711711714e-01
1.741741741741741623e-01
1.771771771771771808e-01
1.801801801801801717e-01
1.831831831831831903e-01
1.861861861861861811e-01
1.891891891891891997e-01
1.921921921921921905e-01
1.951951951951951814e-01
1.981981981981981999e-01
2.012012012012011908e-01
2.042042042042042094e-01
2.072072072072072002e-01
2.102102102102102188e-01
2.132132132132132096e-01
2.162162162162162282e-01
2.192192192192192191e-01
2.222222222222222099e-01
2.252252252252252285e-01
2.282282282282282193e-01
2.312312312312312379e-01
2.342342342342342287e-01
2.372372372372372473e-01
2.402402402402402382e-01
2.432432432432432290e-01
2.462462462462462476e-01
2.492492492492492384e-01
2.522522522522522292e-01
2.552552552552552756e-01
2.582582582582582664e-01
2.612612612612612573e-01
2.642642642642642481e-01
2.672672672672672389e-01
2.702702702702702853e-01
2.732732732732732761e-01
2.762762762762762669e-01
2.792792792792792578e-01
2.822822822822823041e-01
2.852852852852852950e-01
2.882882882882882858e-01
2.912912912912912766e-01
2.942942942942942675e-01
2.972972972972973138e-01
3.003003003003003046e-01
3.033033033033032955e-01
3.063063063063062863e-01
3.093093093093093326e-01
3.123123123123123235e-01
3.153153153153153143e-01
3.183183183183183051e-01
3.213213213213212960e-01
3.243243243243243423e-01
3.273273273273273332e-01
3.303303303303303240e-01
3.333333333333333148e-01
3.363363363363363057e-01
3.393393393393393520e-01
3.423423423423423428e-01
3.453453453453453337e-01
3.483483483483483245e-01
3.513513513513513709e-01
3.543543543543543617e-01
3.573573573573573525e-01
3.603603603603603434e-01
3.633633633633633342e-01
3.663663663663663805e-01
3.693693693693693714e-01
3.723723723723723622e-01
3.753753753753753530e-01
3.783783783783783994e-01
3.813813813813813902e-01
3.843843843843843811e-01
3.873873873873873719e-01
3.903903903903903627e-01
3.933933933933934091e-01
3.963963963963963999e-01
3.993993993993993907e-01
4.024024024024023816e-01
4.054054054054054279e-01
4.084084084084084187e-01
4.114114114114114096e-01
4.144144144144144004e-01
4.174174174174173912e-01
4.204204204204204376e-01
4.234234234234234284e-01
4.264264264264264193e-01
4.294294294294294101e-01
4.324324324324324564e-01
4.354354354354354473e-01
4.384384384384384381e-01
4.414414414414414289e-01
4.444444444444444198e-01
4.474474474474474661e-01
4.504504504504504570e-01
4.534534534534534478e-01
4.564564564564564386e-01
4.594594594594594295e-01
4.624624624624624758e-01
4.654654654654654666e-01
4.684684684684684575e-01
4.714714714714714483e-01
4.744744744744744946e-01
4.774774774774774855e-01
4.804804804804804763e-01
4.834834834834834671e-01
4.864864864864864580e-01
4.894894894894895043e-01
4.924924924924924952e-01
4.954954954954954860e-01
4.984984984984984768e-01
5.015015015015015232e-01
5.045045045045044585e-01
5.075075075075075048e-01
5.105105105105105512e-01
5.135135135135134865e-01
5.165165165165165329e-01
5.195195195195194682e-01
5.225225225225225145e-01
5.255255255255255609e-01
5.285285285285284962e-01
5.315315315315315425e-01
5.345345345345344779e-01
5.375375375375375242e-01
5.405405405405405705e-01
5.435435435435435059e-01
5.465465465465465522e-01
5.495495495495495986e-01
5.525525525525525339e-01
5.555555555555555802e-01
5.585585585585585155e-01
5.615615615615615619e-01
5.645645645645646082e-01
5.675675675675675436e-01
5.705705705705705899e-01
5.735735735735735252e-01
5.765765765765765716e-01
5.795795795795796179e-01
5.825825825825825532e-01
5.855855855855855996e-01
5.885885885885885349e-01
5.915915915915915813e-01
5.945945945945946276e-01
5.975975975975975629e-01
6.006006006006006093e-01
6.036036036036035446e-01
6.066066066066065909e-01
6.096096096096096373e-01
6.126126126126125726e-01
6.156156156156156189e-01
6.186186186186186653e-01
6.216216216216216006e-01
6.246246246246246470e-01
6.276276276276275823e-01
6.306306306306306286e-01
6.336336336336336750e-01
6.366366366366366103e-01
6.396396396396396566e-01
6.426426426426425920e-01
6.456456456456456383e-01
6.486486486486486847e-01
6.516516516516516200e-01
6.546546546546546663e-01
6.576576576576576016e-01
6.606606606606606480e-01
6.636636636636636943e-01
6.666666666666666297e-01
6.696696696696696760e-01
6.726726726726726113e-01
6.756756756756756577e-01
6.786786786786787040e-01
6.816816816816816393e-01
6.846846846846846857e-01
6.876876876876877320e-01
6.906906906906906674e-01
6.936936936936937137e-01
6.966966966966966490e-01
6.996996996996996954e-01
7.027027027027027417e-01
7.057057057057056770e-01
7.087087087087087234e-01
7.117117117117116587e-01
7.147147147147147050e-01
7.177177177177177514e-01
7.207207207207206867e-01
7.237237237237237331e-01
7.267267267267266684e-01
7.297297297297297147e-01
7.327327327327327611e-01
7.357357357357356964e-01
7.387387387387387427e-01
7.417417417417417891e-01
7.447447447447447244e-01
7.477477477477477708e-01
7.507507507507507061e-01
7.537537537537537524e-01
7.567567567567567988e-01
7.597597597597597341e-01
7.627627627627627804e-01
7.657657657657657158e-01
7.687687687687687621e-01
7.717717717717718084e-01
7.747747747747747438e-01
7.777777777777777901e-01
7.807807807807807254e-01
7.837837837837837718e-01
7.867867867867868181e-01
7.897897897897897534e-01
7.927927927927927998e-01
7.957957957957957351e-01
7.987987987987987815e-01
8.018018018018018278e-01
8.048048048048047631e-01
8.078078078078078095e-01
8.108108108108108558e-01
8.138138138138137911e-01
8.168168168168168375e-01
8.198198198198197728e-01
8.228228228228228192e-01
8.258258258258258655e-01
8.288288288288288008e-01
8.318318318318318472e-01
8.348348348348347825e-01
8.378378378378378288e-01
8.408408408408408752e-01
8.438438438438438105e-01
8.468468468468468568e-01
8.498498498498497922e-01
8.528528528528528385e-01
8.558558558558558849e-01
8.588588588588588202e-01
8.618618618618618665e-01
8.648648648648649129e-01
8.678678678678678482e-01
8.708708708708708945e-01
8.738738738738738299e-01
8.768768768768768762e-01
8.798798798798799226e-01
8.828828828828828579e-01
8.858858858858859042e-01
8.888888888888888395e-01
8.918918918918918859e-01
8.948948948948949322e-01
8.978978978978978676e-01
9.009009009009009139e-01
9.039039039039038492e-01
9.069069069069068956e-01
9.099099099099099419e-01
9.129129129129128772e-01
9.159159159159159236e-01
9.189189189189188589e-01
9.219219219219219053e-01
9.249249249249249516e-01
9.279279279279278869e-01
9.309309309309309333e-01
9.339339339339339796e-01
9.369369369369369149e-01
9.399399399399399613e-01
9.429429429429428966e-01
9.459459459459459429e-01
9.489489489489489893e-01
9.519519519519519246e-01
9.549549549549549710e-01
9.579579579579579063e-01
9.609609609609609526e-01
9.639639639639639990e-01
9.669669669669669343e-01
9.699699699699699806e-01
9.729729729729729160e-01
9.759759759759759623e-01
9.789789789789790087e-01
9.819819819819819440e-01
9.849849849849849903e-01
9.879879879879879256e-01
9.909909909909909720e-01
9.939939939939940183e-01
9.969969969969969537e-01
1.000000000000000000e+00
1.003003003003003046e+00
1.006006006006006093e+00
1.009009009009008917e+00
1.012012012012011963e+00
1.015015015015015010e+00
1.018018018018018056e+00
1.021021021021021102e+00
1.024024024024023927e+00
1.027027027027026973e+00
1.030030030030030019e+00
1.033033033033033066e+00
1.036036036036036112e+00
1.039039039039038936e+00
1.042042042042041983e+00
1.045045045045045029e+00
1.048048048048048075e+00
1.051051051051051122e+00
1.054054054054053946e+00
1.057057057057056992e+00
1.060060060060060039e+00
1.063063063063063085e+00
1.066066066066066131e+00
1.069069069069068956e+00
1.072072072072072002e+00
1.075075075075075048e+00
1.078078078078078095e+00
1.081081081081081141e+00
1.084084084084083965e+00
1.087087087087087012e+00
1.090090090090090058e+00
1.093093093093093104e+00
1.096096096096096151e+00
1.099099099099099197e+00
1.102102102102102021e+00
1.105105105105105068e+00
1.108108108108108114e+00
1.111111111111111160e+00
1.114114114114114207e+00
1.117117117117117031e+00
1.120120120120120077e+00
1.123123123123123124e+00
1.126126126126126170e+00
1.129129129129129216e+00
1.132132132132132041e+00
1.135135135135135087e+00
1.138138138138138133e+00
1.141141141141141180e+00
1.144144144144144226e+00
1.147147147147147050e+00
1.150150150150150097e+00
1.153153153153153143e+00
1.156156156156156189e+00
1.159159159159159236e+00
1.162162162162162060e+00
1.165165165165165106e+00
1.168168168168168153e+00
1.171171171171171199e+00
1.174174174174174246e+00
1.177177177177177070e+00
1.180180180180180116e+00
1.183183183183183163e+00
1.186186186186186209e+00
1.189189189189189255e+00
1.192192192192192080e+00
1.195195195195195126e+00
1.198198198198198172e+00
1.201201201201201219e+00
1.204204204204204265e+00
1.207207207207207089e+00
1.210210210210210136e+00
1.213213213213213182e+00
1.216216216216216228e+00
1.219219219219219275e+00
1.222222222222222321e+00
1.225225225225225145e+00
1.228228228228228192e+00
1.231231231231231238e+00
1.234234234234234284e+00
1.237237237237237331e+00
1.240240240240240155e+00
1.243243243243243201e+00
1.246246246246246248e+00
1.249249249249249294e+00
1.252252252252252340e+00
1.255255255255255165e+00
1.258258258258258211e+00
1.261261261261261257e+00
1.264264264264264304e+00
1.267267267267267350e+00
1.270270270270270174e+00
1.273273273273273221e+00
1.276276276276276267e+00
1.279279279279279313e+00
1.282282282282282360e+00
1.285285285285285184e+00
1.288288288288288230e+00
1.291291291291291277e+00
1.294294294294294323e+00
1.297297297297297369e+00
1.300300300300300194e+00
1.303303303303303240e+00
1.306306306306306286e+00
1.309309309309309333e+00
1.312312312312312379e+00
1.315315315315315203e+00
1.318318318318318250e+00
1.321321321321321296e+00
1.324324324324324342e+00
1.327327327327327389e+00
1.330330330330330213e+00
1.333333333333333259e+00
1.336336336336336306e+00
1.339339339339339352e+00
1.342342342342342398e+00
1.345345345345345223e+00
1.348348348348348269e+00
1.351351351351351315e+00
1.354354354354354362e+00
1.357357357357357408e+00
1.360360360360360454e+00
1.363363363363363279e+00
1.366366366366366325e+00
1.369369369369369371e+00
1.372372372372372418e+00
1.375375375375375464e+00
1.378378378378378288e+00
1.381381381381381335e+00
1.384384384384384381e+00
1.387387387387387427e+00
1.390390390390390474e+00
1.393393393393393298e+00
1.396396396396396344e+00
1.399399399399399391e+00
1.402402402402402437e+00
1.405405405405405483e+00
1.408408408408408308e+00
1.411411411411411354e+00
1.414414414414414400e+00
1.417417417417417447e+00
1.420420420420420493e+00
1.423423423423423317e+00
1.426426426426426364e+00
1.429429429429429410e+00
1.432432432432432456e+00
1.435435435435435503e+00
1.438438438438438327e+00
1.441441441441441373e+00
1.444444444444444420e+00
1.447447447447447466e+00
1.450450450450450512e+00
1.453453453453453337e+00
1.456456456456456383e+00
1.459459459459459429e+00
1.462462462462462476e+00
1.465465465465465522e+00
1.468468468468468346e+00
1.471471471471471393e+00
1.474474474474474439e+00
1.477477477477477485e+00
1.480480480480480532e+00
1.483483483483483578e+00
1.486486486486486402e+00
1.489489489489489449e+00
1.492492492492492495e+00
1.495495495495495542e+00
1.498498498498498588e+00
1.501501501501501412e+00
1.504504504504504458e+00
1.507507507507507505e+00
1.510510510510510551e+00
1.513513513513513598e+00
1.516516516516516422e+00
1.519519519519519468e+00
1.522522522522522515e+00
1.525525525525525561e+00
1.528528528528528607e+00
1.531531531531531432e+00
1.534534534534534478e+00
1.537537537537537524e+00
1.540540540540540571e+00
1.543543543543543617e+00
1.546546546546546441e+00
1.549549549549549488e+00
1.552552552552552534e+00
1.555555555555555580e+00
1.558558558558558627e+00
1.561561561561561451e+00
1.564564564564564497e+00
1.567567567567567544e+00
1.570570570570570590e+00
1.573573573573573636e+00
1.576576576576576461e+00
1.579579579579579507e+00
1.582582582582582553e+00
1.585585585585585600e+00
1.588588588588588646e+00
1.591591591591591470e+00
1.594594594594594517e+00
1.597597597597597563e+00
1.600600600600600609e+00
1.603603603603603656e+00
1.606606606606606702e+00
1.609609609609609526e+00
1.612612612612612573e+00
1.615615615615615619e+00
1.618618618618618665e+00
1.621621621621621712e+00
1.624624624624624536e+00
1.627627627627627582e+00
1.630630630630630629e+00
1.633633633633633675e+00
1.636636636636636721e+00
1.639639639639639546e+00
1.642642642642642592e+00
1.645645645645645638e+00
1.648648648648648685e+00
1.651651651651651731e+00
1.654654654654654555e+00
1.657657657657657602e+00
1.660660660660660648e+00
1.663663663663663694e+00
1.666666666666666741e+00
1.669669669669669565e+00
1.672672672672672611e+00
1.675675675675675658e+00
1.678678678678678704e+00
1.681681681681681750e+00
1.684684684684684575e+00
1.687687687687687621e+00
1.690690690690690667e+00
1.693693693693693714e+00
1.696696696696696760e+00
1.699699699699699584e+00
1.702702702702702631e+00
1.705705705705705677e+00
1.708708708708708723e+00
1.711711711711711770e+00
1.714714714714714594e+00
1.717717717717717640e+00
1.720720720720720687e+00
1.723723723723723733e+00
1.726726726726726779e+00
1.729729729729729826e+00
1.732732732732732650e+00
1.735735735735735696e+00
1.738738738738738743e+00
1.741741741741741789e+00
1.744744744744744835e+00
1.747747747747747660e+00
1.750750750750750706e+00
1.753753753753753752e+00
1.756756756756756799e+00
1.759759759759759845e+00
1.762762762762762669e+00
1.765765765765765716e+00
1.768768768768768762e+00
1.771771771771771808e+00
1.774774774774774855e+00
1.777777777777777679e+00
1.780780780780780725e+00
1.783783783783783772e+00
1.786786786786786818e+00
1.789789789789789864e+00
1.792792792792792689e+00
1.795795795795795735e+00
1.798798798798798781e+00
1.801801801801801828e+00
1.804804804804804874e+00
1.807807807807807698e+00
1.810810810810810745e+00
1.813813813813813791e+00
1.816816816816816837e+00
1.819819819819819884e+00
1.822822822822822708e+00
1.825825825825825754e+00
1.828828828828828801e+00
1.831831831831831847e+00
1.834834834834834894e+00
1.837837837837837718e+00
1.840840840840840764e+00
1.843843843843843811e+00
1.846846846846846857e+00
1.849849849849849903e+00
1.852852852852852727e+00
1.855855855855855774e+00
1.858858858858858820e+00
1.861861861861861867e+00
1.864864864864864913e+00
1.867867867867867959e+00
1.870870870870870784e+00
1.873873873873873830e+00
1.876876876876876876e+00
1.879879879879879923e+00
1.882882882882882969e+00
1.885885885885885793e+00
1.888888888888888840e+00
1.891891891891891886e+00
1.894894894894894932e+00
1.897897897897897979e+00
1.900900900900900803e+00
1.903903903903903849e+00
1.906906906906906896e+00
1.909909909909909942e+00
1.912912912912912988e+00
1.915915915915915813e+00
1.918918918918918859e+00
1.921921921921921905e+00
1.924924924924924952e+00
1.927927927927927998e+00
1.930930930930930822e+00
1.933933933933933869e+00
1.936936936936936915e+00
1.939939939939939961e+00
1.942942942942943008e+00
1.945945945945945832e+00
1.948948948948948878e+00
1.951951951951951925e+00
1.954954954954954971e+00
1.957957957957958017e+00
1.960960960960960842e+00
1.963963963963963888e+00
1.966966966966966934e+00
1.969969969969969981e+00
1.972972972972973027e+00
1.975975975975975851e+00
1.978978978978978898e+00
1.981981981981981944e+00
1.984984984984984990e+00
1.987987987987988037e+00
1.990990990990991083e+00
1.993993993993993907e+00
1.996996996996996954e+00
2.000000000000000000e+00
2.003003003003002824e+00
2.006006006006006093e+00
2.009009009009008917e+00
2.012012012012012185e+00
2.015015015015015010e+00
2.018018018018017834e+00
2.021021021021021102e+00
2.024024024024023927e+00
2.027027027027027195e+00
2.030030030030030019e+00
2.033033033033032844e+00
2.036036036036036112e+00
2.039039039039038936e+00
2.042042042042042205e+00
2.045045045045045029e+00
2.048048048048047853e+00
2.051051051051051122e+00
2.054054054054053946e+00
2.057057057057057214e+00
2.060060060060060039e+00
2.063063063063062863e+00
2.066066066066066131e+00
2.069069069069068956e+00
2.072072072072072224e+00
2.075075075075075048e+00
2.078078078078077873e+00
2.081081081081081141e+00
2.084084084084083965e+00
2.087087087087087234e+00
2.090090090090090058e+00
2.093093093093092882e+00
2.096096096096096151e+00
2.099099099099098975e+00
2.102102102102102243e+00
2.105105105105105068e+00
2.108108108108107892e+00
2.111111111111111160e+00
2.114114114114113985e+00
2.117117117117117253e+00
2.120120120120120077e+00
2.123123123123122902e+00
2.126126126126126170e+00
2.129129129129128994e+00
2.132132132132132263e+00
2.135135135135135087e+00
2.138138138138137911e+00
2.141141141141141180e+00
2.144144144144144004e+00
2.147147147147147273e+00
2.150150150150150097e+00
2.153153153153152921e+00
2.156156156156156189e+00
2.159159159159159014e+00
2.162162162162162282e+00
2.165165165165165106e+00
2.168168168168167931e+00
2.171171171171171199e+00
2.174174174174174023e+00
2.177177177177177292e+00
2.180180180180180116e+00
2.183183183183183385e+00
2.186186186186186209e+00
2.189189189189189033e+00
2.192192192192192302e+00
2.195195195195195126e+00
2.198198198198198394e+00
2.201201201201201219e+00
2.204204204204204043e+00
2.207207207207207311e+00
2.210210210210210136e+00
2.213213213213213404e+00
2.216216216216216228e+00
2.219219219219219053e+00
2.222222222222222321e+00
2.225225225225225145e+00
2.228228228228228414e+00
2.231231231231231238e+00
2.234234234234234062e+00
2.237237237237237331e+00
2.240240240240240155e+00
2.243243243243243423e+00
2.246246246246246248e+00
2.249249249249249072e+00
2.252252252252252340e+00
2.255255255255255165e+00
2.258258258258258433e+00
2.261261261261261257e+00
2.264264264264264082e+00
2.267267267267267350e+00
2.270270270270270174e+00
2.273273273273273443e+00
2.276276276276276267e+00
2.279279279279279091e+00
2.282282282282282360e+00
2.285285285285285184e+00
2.288288288288288452e+00
2.291291291291291277e+00
2.294294294294294101e+00
2.297297297297297369e+00
2.300300300300300194e+00
2.303303303303303462e+00
2.306306306306306286e+00
2.309309309309309111e+00
2.312312312312312379e+00
2.315315315315315203e+00
2.318318318318318472e+00
2.321321321321321296e+00
2.324324324324324120e+00
2.327327327327327389e+00
2.330330330330330213e+00
2.333333333333333481e+00
2.336336336336336306e+00
2.339339339339339130e+00
2.342342342342342398e+00
2.345345345345345223e+00
2.348348348348348491e+00
2.351351351351351315e+00
2.354354354354354140e+00
2.357357357357357408e+00
2.360360360360360232e+00
2.363363363363363501e+00
2.366366366366366325e+00
2.369369369369369149e+00
2.372372372372372418e+00
2.375375375375375242e+00
2.378378378378378510e+00
2.381381381381381335e+00
2.384384384384384159e+00
2.387387387387387427e+00
2.390390390390390252e+00
2.393393393393393520e+00
2.396396396396396344e+00
2.399399399399399169e+00
2.402402402402402437e+00
2.405405405405405261e+00
2.408408408408408530e+00
2.411411411411411354e+00
2.414414414414414178e+00
2.417417417417417447e+00
2.420420420420420271e+00
2.423423423423423539e+00
2.426426426426426364e+00
2.429429429429429188e+00
2.432432432432432456e+00
2.435435435435435281e+00
2.438438438438438549e+00
2.441441441441441373e+00
2.444444444444444642e+00
2.447447447447447466e+00
2.450450450450450290e+00
2.453453453453453559e+00
2.456456456456456383e+00
2.459459459459459651e+00
2.462462462462462476e+00
2.465465465465465300e+00
2.468468468468468568e+00
2.471471471471471393e+00
2.474474474474474661e+00
2.477477477477477485e+00
2.480480480480480310e+00
2.483483483483483578e+00
2.486486486486486402e+00
2.489489489489489671e+00
2.492492492492492495e+00
2.495495495495495319e+00
2.498498498498498588e+00
2.501501501501501412e+00
2.504504504504504681e+00
2.507507507507507505e+00
2.510510510510510329e+00
2.513513513513513598e+00
2.516516516516516422e+00
2.519519519519519690e+00
2.522522522522522515e+00
2.525525525525525339e+00
2.528528528528528607e+00
2.531531531531531432e+00
2.534534534534534700e+00
2.537537537537537524e+00
2.540540540540540349e+00
2.543543543543543617e+00
2.546546546546546441e+00
2.549549549549549710e+00
2.552552552552552534e+00
2.555555555555555358e+00
2.558558558558558627e+00
2.561561561561561451e+00
2.564564564564564719e+00
2.567567567567567544e+00
2.570570570570570368e+00
2.573573573573573636e+00
2.576576576576576461e+00
2.579579579579579729e+00
2.582582582582582553e+00
2.585585585585585378e+00
2.588588588588588646e+00
2.591591591591591470e+00
2.594594594594594739e+00
2.597597597597597563e+00
2.600600600600600387e+00
2.603603603603603656e+00
2.606606606606606480e+00
2.609609609609609748e+00
2.612612612612612573e+00
2.615615615615615397e+00
2.618618618618618665e+00
2.621621621621621490e+00
2.624624624624624758e+00
2.627627627627627582e+00
2.630630630630630407e+00
2.633633633633633675e+00
2.636636636636636499e+00
2.639639639639639768e+00
2.642642642642642592e+00
2.645645645645645416e+00
2.648648648648648685e+00
2.651651651651651509e+00
2.654654654654654777e+00
2.657657657657657602e+00
2.660660660660660426e+00
2.663663663663663694e+00
2.666666666666666519e+00
2.669669669669669787e+00
2.672672672672672611e+00
2.675675675675675436e+00
2.678678678678678704e+00
2.681681681681681528e+00
2.684684684684684797e+00
2.687687687687687621e+00
2.690690690690690445e+00
2.693693693693693714e+00
2.696696696696696538e+00
2.699699699699699806e+00
2.702702702702702631e+00
2.705705705705705899e+00
2.708708708708708723e+00
2.711711711711711548e+00
2.714714714714714816e+00
2.717717717717717640e+00
2.720720720720720909e+00
2.723723723723723733e+00
2.726726726726726557e+00
2.729729729729729826e+00
2.732732732732732650e+00
2.735735735735735918e+00
2.738738738738738743e+00
2.741741741741741567e+00
2.744744744744744835e+00
2.747747747747747660e+00
2.750750750750750928e+00
2.753753753753753752e+00
2.756756756756756577e+00
2.759759759759759845e+00
2.762762762762762669e+00
2.765765765765765938e+00
2.768768768768768762e+00
2.771771771771771586e+00
2.774774774774774855e+00
2.777777777777777679e+00
2.780780780780780947e+00
2.783783783783783772e+00
2.786786786786786596e+00
2.789789789789789864e+00
2.792792792792792689e+00
2.795795795795795957e+00
2.798798798798798781e+00
2.801801801801801606e+00
2.804804804804804874e+00
2.807807807807807698e+00
2.810810810810810967e+00
2.813813813813813791e+00
2.816816816816816615e+00
2.819819819819819884e+00
2.822822822822822708e+00
2.825825825825825977e+00
2.828828828828828801e+00
2.831831831831831625e+00
2.834834834834834894e+00
2.837837837837837718e+00
2.840840840840840986e+00
2.843843843843843811e+00
2.846846846846846635e+00
2.849849849849849903e+00
2.852852852852852727e+00
2.855855855855855996e+00
2.858858858858858820e+00
2.861861861861861644e+00
2.864864864864864913e+00
2.867867867867867737e+00
2.870870870870871006e+00
2.873873873873873830e+00
2.876876876876876654e+00
2.879879879879879923e+00
2.882882882882882747e+00
2.885885885885886015e+00
2.888888888888888840e+00
2.891891891891891664e+00
2.894894894894894932e+00
2.897897897897897757e+00
2.900900900900901025e+00
2.903903903903903849e+00
2.906906906906906674e+00
2.909909909909909942e+00
2.912912912912912766e+00
2.915915915915916035e+00
2.918918918918918859e+00
2.921921921921921683e+00
2.924924924924924952e+00
2.927927927927927776e+00
2.930930930930931044e+00
2.933933933933933869e+00
2.936936936936936693e+00
2.939939939939939961e+00
2.942942942942942786e+00
2.945945945945946054e+00
2.948948948948948878e+00
2.951951951951952147e+00
2.954954954954954971e+00
2.957957957957957795e+00
2.960960960960961064e+00
2.963963963963963888e+00
2.966966966966967156e+00
2.969969969969969981e+00
2.972972972972972805e+00
2.975975975975976073e+00
2.978978978978978898e+00
2.981981981981982166e+00
2.984984984984984990e+00
2.987987987987987815e+00
2.990990990990991083e+00
2.993993993993993907e+00
2.996996996996997176e+00
