0.000000000000000000e+00 0.000000000000000000e+00 1.000000000000000000e+00 2.000000000000000000e+01 0.000000000000000000e+00 0.000000000000000000e+00 0.000000000000000000e+00 -8.699999999999999400e-02 0.000000000000000000e+00 0.000000000000000000e+00 0.000000000000000000e+00 -5.000000000000000000e+01
2.012931428221178265e-01 -3.516281849176014527e-06 1.001486036313480765e+00 1.985543991025834387e+01 -1.290061537292144919e-03 2.921569661036693688e-01 8.624668575825916728e-03 -9.900061412859374743e-02 -5.041213119077195826e-01 1.166990408604934526e+00 -2.779008039513760409e+00 -4.985731144925811975e+01
4.011051903602161905e-01 -3.985223394576656482e-05 1.005945574605688453e+00 1.970630918578628155e+01 -6.261615442211767094e-03 5.974329419095346649e-01 1.229245818875606029e-02 -1.460978646895496891e-01 -1.008407212350192816e+00 -9.190125327736972105e-01 -6.396978357138018545e+00 -5.007950345217579979e+01
5.993675953457693328e-01 -1.166440819978705872e-04 1.013758580658043584e+00 1.954732369455068408e+01 -6.796624637308539517e-03 9.615871137785839684e-01 -1.540159674546092913e-02 -2.196322440463496228e-01 -1.518011098588974983e+00 -4.566768947760033726e+00 -7.525892263977350893e+00 -5.091414179944192853e+01
7.959426064404394596e-01 -9.685375136786919764e-05 1.025596004382767212e+00 1.937145700873485765e+01 1.627198737966299713e-02 1.390365745980563839e+00 -7.391690169739724425e-02 -2.842921554411922402e-01 -2.036939786339685199e+00 -6.445410777477123432e+00 -4.679217374764385262e+00 -5.170084336349099630e+01
9.906584445641049008e-01 3.311399098609164155e-04 1.041906269996799583e+00 1.918064253533413677e+01 7.350559985066675017e-02 1.836264407611914562e+00 -1.312826880731367829e-01 -3.076714256205279607e-01 -2.557692423373499668e+00 -4.218114542003745804e+00 1.577586205987382972e-02 -5.114475058777647121e+01
1.183419999600587191e+00 1.442992626221188983e-03 1.062536546712839369e+00 1.898657479317387597e+01 1.466873022841259089e-01 2.237412463260047613e+00 -1.499833456372345053e-01 -2.918944775902230782e-01 -3.066899585924220073e+00 6.256199936067459166e-01 2.432482287761472683e+00 -4.966200697515875362e+01
1.374241701269939275e+00 3.252575498096436230e-03 1.086872760070167754e+00 1.879684449984474526e+01 2.082399958012275398e-01 2.571213145561002555e+00 -1.238659785198440721e-01 -2.742574579051197947e-01 -3.563030504506472518e+00 3.972747958943322111e+00 3.181933661414157455e-01 -4.874119559883309449e+01
1.563155838614411763e+00 5.580924104218635586e-03 1.114364882321559280e+00 1.860729127838727592e+01 2.499509278477807517e-01 2.871833253248739837e+00 -8.473417808172459265e-02 -2.957555905637165305e-01 -4.055291087139924144e+00 2.981234564678043597e+00 -4.751493836819495442e+00 -4.892371716290338668e+01
1.750103304967528528e+00 8.270916628248236105e-03 1.144992134907596881e+00 1.840478278572949122e+01 2.828274649163023402e-01 3.201936418478013913e+00 -7.705487127934262936e-02 -3.656511910940049570e-01 -4.555933142666325431e+00 -1.883569510899302468e+00 -8.472911389466126764e+00 -5.044199745380578292e+01
1.934875375633242189e+00 1.134445729247120747e-02 1.179277676993288226e+00 1.817481283087294841e+01 3.306635617564223639e-01 3.597065980912152128e+00 -1.235985848252589281e-01 -4.493093642308111368e-01 -5.077350201378564520e+00 -6.922123756372047687e+00 -7.116814512272180870e+00 -5.275136325763380540e+01
2.117178407815132779e+00 1.508438569295003640e-02 1.217785076379673592e+00 1.791821201039625322e+01 4.167906995069085019e-01 4.027700102123500159e+00 -1.998031897672564450e-01 -4.936296538932077316e-01 -5.614663102602426292e+00 -7.026329826961764446e+00 -1.260104299092467350e+00 -5.305071713198902472e+01
2.296849072255409130e+00 1.986192645160872114e-02 1.260523174814081493e+00 1.765846961490030509e+01 5.306100030117044675e-01 4.423047615568559188e+00 -2.446338297051640354e-01 -4.773992545365544071e-01 -6.137954805666870683e+00 -1.197360562196028599e+00 3.848890684328439171e+00 -5.024871055328954128e+01
2.473983004696842514e+00 2.575957689451980476e-02 1.306857253279490205e+00 1.741794182128406021e+01 6.321787964344558475e-01 4.736781789019028466e+00 -2.224550677775251617e-01 -4.344508787008042328e-01 -6.630299451986370940e+00 5.124856072638773519e+00 3.616599712846487957e+00 -4.751893254640084052e+01
2.648789234302080242e+00 3.251691768752093536e-02 1.355985261441885026e+00 1.719529934496555512e+01 7.003699056349881324e-01 4.983883553946060196e+00 -1.577165524323815848e-01 -4.225653526224932288e-01 -7.105362066051035264e+00 6.657837318884299194e+00 -1.880146649125357783e+00 -4.692352169443211807e+01
2.821351416190366113e+00 3.982734931040182724e-02 1.407533711737691151e+00 1.696905217883685069e+01 7.448204993431328802e-01 5.228539657638763494e+00 -1.089684613196698487e-01 -4.757387751705616230e-01 -7.586076560160671889e+00 2.078025012465839261e+00 -8.301863445979032363e+00 -4.868041179503786253e+01
2.991492355039119033e+00 4.756403798078631673e-02 1.461817311925574403e+00 1.671182821824974951e+01 7.897989294106166902e-01 5.531762641868356312e+00 -1.278875053061869216e-01 -5.735618045031142254e-01 -8.097342579521122019e+00 -5.965896659229875887e+00 -9.865216554874578492e+00 -5.284798945510680568e+01
3.158818716260303638e+00 5.589797333440410521e-02 1.519488624216877470e+00 1.641293075498093401e+01 8.682517104062956736e-01 5.892454291072400707e+00 -2.183419741810272707e-01 -6.494798329239845902e-01 -8.650895493042124684e+00 -1.062758461511569053e+01 -4.133418501192067218e+00 -5.601697687068990206e+01
3.323016424682592618e+00 6.525691645109044092e-02 1.580824912370926594e+00 1.609973461363809122e+01 9.897694068979064896e-01 6.243773270407740661e+00 -3.076074084916685103e-01 -6.490747564249701451e-01 -9.206165504628820884e+00 -5.443821021788760817e+00 3.862805866771908292e+00 -5.285960105594075742e+01
3.484164790955511570e+00 7.589957354528890920e-02 1.645362641373704582e+00 1.581466218829045189e+01 1.113272151176412095e+00 6.519194957836060844e+00 -3.124499861710665627e-01 -5.901072327652908678e-01 -9.709992227843002865e+00 4.351422950819623381e+00 6.558324623206943649e+00 -4.712749853384769239e+01
3.642644593478367554e+00 8.761198199753993110e-02 1.712230876546012581e+00 1.556986912756789465e+01 1.198385660832829158e+00 6.709166144618518679e+00 -2.356553364109112148e-01 -5.417743822961396116e-01 -1.016965825267712553e+01 9.653387582433090586e+00 1.951436536234959718e+00 -4.455113155666172275e+01
3.798762834088788676e+00 9.998482135676879656e-02 1.780782605251266970e+00 1.534094679130642191e+01 1.247057632081218115e+00 6.864843133849023005e+00 -1.443183432455664716e-01 -5.638150249001934178e-01 -1.062250165888344355e+01 7.100878588766404320e+00 -6.436813698457449995e+00 -4.571461841114985702e+01
3.952478985858084215e+00 1.127584917924749769e-01 1.851055667103054025e+00 1.508746388119307902e+01 1.282193231981981540e+00 7.060787425279595908e+00 -1.158575187133180917e-01 -6.616696880237780132e-01 -1.110690047583329765e+01 -2.358308783896520211e+00 -1.182624272332192561e+01 -5.093926026384988148e+01
4.103374242560378526e+00 1.259527961547680930e-01 1.923671634885616211e+00 1.478048342766788892e+01 1.336926736105910507e+00 7.327015939637802511e+00 -1.975842874768360125e-01 -7.716397484808272811e-01 -1.166132975787219905e+01 -1.311466053860182157e+01 -8.254848596761874546e+00 -5.861638715705062452e+01
4.250947583514713024e+00 1.399430027248821651e-01 1.999152516702827453e+00 1.443754735967638858e+01 1.441610145541957655e+00 7.614794655746783825e+00 -3.398717714680946633e-01 -8.040473727742981636e-01 -1.226269407028838998e+01 -1.216339043072645154e+01 2.137754782143972410e+00 -5.821261503836286266e+01
4.395122606851470159e+00 1.551658619611101242e-01 2.077310477988831838e+00 1.411755711225667476e+01 1.571503591824516599e+00 7.846427581609447088e+00 -3.993094890812347586e-01 -7.427556877189868123e-01 -1.280438967662474603e+01 1.104514491226138428e+00 8.600783359717210530e+00 -4.868779246778843373e+01
4.536354832394123626e+00 1.715766322995200821e-01 2.157360302333211965e+00 1.385617321852620698e+01 1.669545626681035788e+00 7.989324064019605487e+00 -3.293250773715868940e-01 -6.613544355993695723e-01 -1.325912914654868935e+01 1.139099875862406286e+01 6.079146071995443990e+00 -4.242083793021888738e+01
4.675186985801573769e+00 1.887350751781948499e-01 2.238506439641135604e+00 1.363581500565135940e+01 1.721631448043342338e+00 8.073159664724695261e+00 -2.013026492059399319e-01 -6.423491817751334487e-01 -1.368134747553955144e+01 1.231518516422644716e+01 -2.965536168285211271e+00 -4.202183121000634713e+01
4.811798620778818147e+00 2.062751290055183095e-01 2.320502851474437911e+00 1.340738436514288523e+01 1.749280142601905785e+00 8.170800658859443288e+00 -1.124698494900024659e-01 -7.215152278973463451e-01 -1.412526273151384260e+01 3.785735523334206487e+00 -1.200849238298981625e+01 -4.688189066149009676e+01
4.945851290576297465e+00 2.240833577233334872e-01 2.403815504591973795e+00 1.312338126846703545e+01 1.780441444706415632e+00 8.337503869159229808e+00 -1.502113982622686472e-01 -8.563849124745430696e-01 -1.465202744899619702e+01 -1.194648784203963743e+01 -1.268290713834560002e+01 -5.839096090458114929e+01
5.076707602061087954e+00 2.423921260622404483e-01 2.489105352911829439e+00 1.277977982007905489e+01 1.854544662142713074e+00 8.551903185848901856e+00 -3.324473293627235870e-01 -9.358482194842878688e-01 -1.529434520103455597e+01 -2.062283143732597779e+01 -1.600027663325934935e+00 -6.595265196683183717e+01
5.204035917938664824e+00 2.617160828461751465e-01 2.576478975136299976e+00 1.243835182422656160e+01 1.975332364545264952e+00 8.737197679929558092e+00 -4.785806054086831351e-01 -8.894427331927988734e-01 -1.590957466103915863e+01 -5.495835030444249369e+00 9.387561902772649347e+00 -5.360175542131901949e+01
5.328216174069346778e+00 2.822483532919824456e-01 2.665339633564611788e+00 1.216232494446580503e+01 2.082657697052118007e+00 8.842923577173154470e+00 -4.407440416535114425e-01 -7.832744701748209915e-01 -1.638076850829236264e+01 1.140880632800699246e+01 9.843754115559509188e+00 -4.126712430411226507e+01
5.449966093594382777e+00 3.036130020011442165e-01 2.754876184247689430e+00 1.195189662307771172e+01 2.139655808146390115e+00 8.876865335065781792e+00 -2.877396544921669297e-01 -7.205297660988447817e-01 -1.677537931239161040e+01 1.691082169217256137e+01 1.479426349993276490e+00 -3.814423996790333860e+01
5.569722512750313825e+00 3.253623145172928055e-01 2.844622486120687022e+00 1.175707006158303791e+01 2.163413669767197955e+00 8.897226670733875409e+00 -1.367830940716145416e-01 -7.645336208673559897e-01 -1.717250942551541826e+01 1.118149054883387272e+01 -1.006698437743959040e+01 -4.154665849092584295e+01
5.687323696146074248e+00 3.472887152457974635e-01 2.934812369857497050e+00 1.151603790585114240e+01 2.178768686484710670e+00 8.972923552643949918e+00 -9.942350507534218618e-02 -9.049417269369750549e-01 -1.764410834638867698e+01 -5.734267112848900005e+00 -1.594712652051948965e+01 -5.378092506742360968e+01
5.802105891793953418e+00 3.694655110487289895e-01 3.026115942635901224e+00 1.119955381466625788e+01 2.220548341944797333e+00 9.111776172206935698e+00 -2.760088395709173192e-01 -1.036374567031624672e+00 -1.828952913059701402e+01 -2.773342827307094538e+01 -7.341474181974499302e+00 -7.312329630555213100e+01
5.913475893688450391e+00 3.923490313868302493e-01 3.118883768596041772e+00 1.085466102164437530e+01 2.318573093993999912e+00 9.249419268974191866e+00 -5.379183849839783704e-01 -1.025549053543709510e+00 -1.901360995450798796e+01 -1.685427876189391938e+01 8.621712826028222310e+00 -6.365300141102090237e+01
6.021591532545559566e+00 4.163486648079113839e-01 3.212753435067392971e+00 1.056646347967119937e+01 2.428925068174742741e+00 9.323970662226059858e+00 -5.676767539598285284e-01 -9.055198234350100295e-01 -1.953699859561305630e+01 9.227093170785076737e+00 1.286466195224796927e+01 -4.196921928713924643e+01
6.127228448940303274e+00 4.412520546658570963e-01 3.306998298886872245e+00 1.036161151583968021e+01 2.492800523192103768e+00 9.326133435389190041e+00 -4.048555321124826523e-01 -8.025863916525352026e-01 -1.991275702984995277e+01 2.047006687199360186e+01 6.102561418064725629e+00 -3.449370555918734738e+01
6.231061118143685462e+00 4.665668609879851658e-01 3.401037927688197016e+00 1.019859917090697898e+01 2.515191179914268105e+00 9.293433662541508156e+00 -1.984086700407521886e-01 -8.020394237920435154e-01 -2.026293325814231139e+01 1.844994251663240448e+01 -6.425144678658807784e+00 -3.594004098622186660e+01
6.333165330646330915e+00 4.920144936650373002e-01 3.494863263772927109e+00 1.000784447372796393e+01 2.522452123662502821e+00 9.294658563887326252e+00 -7.279211113113644160e-02 -9.257686168928515036e-01 -2.066612243458231646e+01 4.059544656127531681e+00 -1.687556476344152401e+01 -4.594429332318324555e+01
6.432966960768453646e+00 5.175533880542907417e-01 3.589043335106633315e+00 9.738498915712799686e+00 2.539239253118574791e+00 9.362521230539448069e+00 -1.769613218747365102e-01 -1.098420194230109281e+00 -2.125373236184274006e+01 -2.745651307524572715e+01 -1.407016212419623358e+01 -7.362501213982662307e+01
6.529694811971366697e+00 5.434898034406525635e-01 3.684083835649323291e+00 9.410613763875025128e+00 2.606579432850665068e+00 9.452874925135288819e+00 -5.550934162827696472e-01 -1.145679700839510096e+00 -2.209407900540668024e+01 -3.472564509024856250e+01 5.756797813514840101e+00 -8.079735563503086837e+01
6.623198413924830774e+00 5.703448070894650002e-01 3.779855877168771805e+00 9.116062806848020728e+00 2.710828820301971476e+00 9.499400114912237569e+00 -7.052724283893790913e-01 -1.024601057790225811e+00 -2.272581484677021635e+01 4.067308935142053272e+00 1.507459094136995148e+01 -4.567470621692928745e+01
6.714170542911276129e+00 5.981347683834643547e-01 3.875769007548378386e+00 8.911430921008088646e+00 2.782314578762655977e+00 9.481075115543967868e+00 -5.506189505722773880e-01 -8.881894462240105259e-01 -2.309757270439089183e+01 2.290000967652160213e+01 1.029986411613062991e+01 -3.136931906423890837e+01
6.803453045133902144e+00 6.263849747667783463e-01 3.971232686830388214e+00 8.772309657806003358e+00 2.805535005852335839e+00 9.416778531679383946e+00 -2.985374331745675458e-01 -8.415940036473243957e-01 -2.340380515098605230e+01 2.485575700349053108e+01 -1.913084390502585830e+00 -3.059119272752724683e+01
6.891374895789772914e+00 6.547490754034718252e-01 4.066043436218385487e+00 8.629154727986563245e+00 2.809002580034927199e+00 9.363199233054704251e+00 -8.854299911876747919e-02 -9.315011898297362869e-01 -2.373934625888456651e+01 1.455627628963862819e+01 -1.535268692532058843e+01 -3.743301021403644313e+01
6.977537761496383162e+00 6.831246719571403281e-01 4.160599471689486961e+00 8.416057504891643504e+00 2.811148917419638682e+00 9.369560745080466546e+00 -7.084624150323248770e-02 -1.121216091338772314e+00 -2.422286691182686980e+01 -1.630420245539879431e+01 -1.951610325831100567e+01 -6.378732615485374424e+01
7.061117433001657062e+00 7.116573518098028295e-01 4.255465169040646423e+00 8.123844975267452639e+00 2.847960413772932409e+00 9.415029654139518200e+00 -4.956842558107885655e-01 -1.242523299522781288e+00 -2.511618449622324434e+01 -5.853287733405385751e+01 -2.180923435252200560e-01 -1.044993972940869469e+02
7.141659108550871160e+00 7.408463576716092236e-01 4.350713138809230607e+00 7.832661591377826582e+00 2.936364503022455441e+00 9.435830972114480630e+00 -8.458599029277354964e-01 -1.137497568798148784e+00 -2.594071089565704824e+01 -5.583453180961857498e+00 1.656617654967231701e+01 -5.414873002104684474e+01
7.219646470278295425e+00 7.709351873483863971e-01 4.445902164316636984e+00 7.625195679642006397e+00 3.013489964652970254e+00 9.402507180533225650e+00 -7.216722301565690056e-01 -9.744152339732943258e-01 -2.633061561181296284e+01 2.425198076070478947e+01 1.381601347493158727e+01 -2.900518703841548884e+01
7.295987549370996028e+00 8.015453651050811201e-01 4.540500599577639740e+00 7.500126040654774506e+00 3.040064146067071871e+00 9.322046831982278903e+00 -4.335862206217933612e-01 -8.859103722406125314e-01 -2.659725495425005093e+01 3.026437605383426543e+01 2.663220284191389453e+00 -2.562073428784506746e+01
7.371235823167727297e+00 8.322677767656971870e-01 4.634193546569527200e+00 7.395866641601124947e+00 3.041247500175940477e+00 9.232848954260129304e+00 -1.506881864631970380e-01 -9.333852770231212403e-01 -2.687186624100013077e+01 2.389350396081345451e+01 -1.209887821693576271e+01 -2.984828295225679895e+01
7.445215017480260933e+00 8.629660104160497003e-01 4.727185732333520463e+00 7.238324090130171307e+00 3.036912074450760279e+00 9.189846716582819042e+00 -3.547944423550276373e-03 -1.114144835447464565e+00 -2.724425535596883563e+01 6.359522632912890661e-01 -2.189577443617419661e+01 -4.846927669140205808e+01
7.517162409418161495e+00 8.936738360515029678e-01 4.820015988818177277e+00 6.994290831263739960e+00 3.049993325729426275e+00 9.194709913522203237e+00 -3.284884296022185790e-01 -1.305108570214540853e+00 -2.804856224961679700e+01 -7.469920940054039704e+01 -9.862001931864414317e+00 -1.211084841856282708e+02
7.586400390765333235e+00 9.247710244641710320e-01 4.912909682773188180e+00 6.718650137650035603e+00 3.115564649257476226e+00 9.192320155959039951e+00 -9.769996043138048369e-01 -1.242430275263690209e+00 -2.916934732819986209e+01 -2.303468121092430110e+01 1.734901460853122046e+01 -7.082473640931998204e+01
7.653125866974476388e+00 9.566580623985089238e-01 5.005567900358899536e+00 6.508880740861046732e+00 3.193431523686526941e+00 9.146408084073303968e+00 -9.140374433588273062e-01 -1.057961341162811930e+00 -2.961004109856613908e+01 2.463312140966405650e+01 1.670346360771281269e+01 -2.754724179486591851e+01
7.718204834873731990e+00 9.891198733724291259e-01 5.097543401072528013e+00 6.389411457002698747e+00 3.225578729453848492e+00 9.058550300048317183e+00 -5.980260944674219425e-01 -9.340262144910841391e-01 -2.984203686982634451e+01 3.481108915550890259e+01 6.770766903743766107e+00 -2.101356190809526581e+01
7.782352881573554093e+00 1.021711390117326923e+00 5.188493846634186113e+00 6.312827528794308307e+00 3.225273355592348956e+00 8.949923401141125723e+00 -2.541302904127599183e-01 -9.381199916127541671e-01 -3.006265232744479121e+01 3.161743063126708364e+01 -8.030680266007585999e+00 -2.349568362528141563e+01
7.845624074039991847e+00 1.054258735973626404e+00 5.278452018168946047e+00 6.203744450530910726e+00 3.218549911463115976e+00 8.870413232724711605e+00 2.849865104912330596e-03 -1.091648425237183417e+00 -3.034202532352535897e+01 1.629920929909463112e+01 -2.132565200587767151e+01 -3.452106912934637961e+01
7.907395358447764089e+00 1.086744939610109872e+00 5.367868846471711919e+00 6.012314928808993209e+00 3.217178992140100391e+00 8.840253688001238785e+00 -9.325243664390694964e-02 -1.323434753058603475e+00 -3.093115812749443450e+01 -5.623951029738462637e+01 -2.004288991840942202e+01 -1.035039665130894946e+02
7.966882381504985844e+00 1.119401062812171554e+00 5.457067740306088766e+00 5.764081347370111352e+00 3.258070185267068819e+00 8.817492356982224777e+00 -1.074899754300211008e+00 -1.338448644802279874e+00 -3.238752337324555697e+01 -5.692714799467694320e+01 1.702028861499668011e+01 -1.043654101193387618e+02
8.023984380363666347e+00 1.152678567885486949e+00 5.545878728655327272e+00 5.555841954564982643e+00 3.330168622439666049e+00 8.760668273101703818e+00 -1.123497980955765474e+00 -1.136628487499820039e+00 -3.293224104351036630e+01 2.424929724978281342e+01 1.917106469896777199e+01 -2.696042182740615090e+01
8.079430723241058487e+00 1.186553934893880724e+00 5.633934263561577005e+00 5.436685605989959313e+00 3.368590066449960396e+00 8.669009206346810714e+00 -7.855667837962572175e-01 -9.833729577558419921e-01 -3.313439722190476289e+01 3.867199802401873399e+01 1.020698140178580005e+01 -1.676249714776188426e+01
8.134020764453870456e+00 1.220595569326407892e+00 5.720922614474519996e+00 5.376774890929273631e+00 3.368242595967754660e+00 8.552631290134954156e+00 -3.905806927815193563e-01 -9.479679300494380234e-01 -3.330669145748787230e+01 3.793301541754128436e+01 -3.877226144818950004e+00 -1.813382766905211696e+01
8.188014538791687613e+00 1.254578377694630653e+00 5.806757126449618944e+00 5.306031378748535587e+00 3.360114991931904438e+00 8.448830926396851737e+00 -4.778621719106501686e-02 -1.065466813535437707e+00 -3.351440975751864926e+01 2.821614298206807092e+01 -1.890262577840641001e+01 -2.424712405579193941e+01
8.240968930696205064e+00 1.288473212877230267e+00 5.891765412396367196e+00 5.164620700939919651e+00 3.352120811083324270e+00 8.389888675763867099e+00 8.661563310228599655e-02 -1.302979579578950053e+00 -3.388782909753884809e+01 -1.527355949280163117e+01 -2.560818283477641444e+01 -6.365835904391710187e+01
8.292100144904861025e+00 1.322390472972546194e+00 5.976315086330336257e+00 4.952453539815673267e+00 3.371595252314725677e+00 8.349523284887442998e+00 -1.077545429137921396e+00 -1.423725909484312435e+00 -3.553263453245066472e+01 -1.349395684704748817e+02 1.387733554223437515e+01 -1.824049244374647003e+02
8.341059707654203237e+00 1.356736594430067777e+00 6.060350030625692774e+00 4.751754859965436673e+00 3.431945400609881514e+00 8.283776852415032366e+00 -1.346467143991779469e+00 -1.209750936274009092e+00 -3.629327041859105663e+01 2.355028866708438784e+01 2.142436114660557678e+01 -2.688309764979994299e+01
8.388374876993616169e+00 1.391658812716511484e+00 6.143567356585716510e+00 4.631012953999771753e+00 3.475198006201458245e+00 8.189140307920437678e+00 -9.895599237360277467e-01 -1.031591240110184549e+00 -3.646867572183894168e+01 4.200936124325246368e+01 1.302495386833496305e+01 -1.285924558616985713e+01
8.434851830927154737e+00 1.426794577171123679e+00 6.225708955475636408e+00 4.578890077566081018e+00 3.476867219088515704e+00 8.071851398573523184e+00 -5.514637312353093401e-01 -9.624111721846019263e-01 -3.659750034127696949e+01 4.313914859873534624e+01 -7.207175722366787607e-02 -1.350272197507328720e+01
8.480908686220875126e+00 1.461864874621993549e+00 6.306631120290491666e+00 4.535746565529442442e+00 3.467139784717549134e+00 7.954339189971505242e+00 -1.420588392942215838e-01 -1.042057279885260535e+00 -3.674969807077825124e+01 3.688006035769195989e+01 -1.562450703696758580e+01 -1.705110543467876028e+01
8.526292024535246483e+00 1.496836309741279569e+00 6.386531426222519237e+00 4.437422181025858059e+00 3.457156120511520658e+00 7.873013456729937687e+00 1.530533178456993659e-01 -1.262524469598872878e+00 -3.697708346055080142e+01 1.600973513108050739e+01 -2.652213115675321120e+01 -3.363356059738597992e+01
8.570294393613705708e+00 1.531750159320535154e+00 6.465773724308918169e+00 4.265100370322182144e+00 3.461428451247216653e+00 7.817528368392749449e+00 -7.605687281803270583e-01 -1.488795909619841096e+00 -3.837965877969016049e+01 -3.238145974324863801e+02 5.742678678074921717e-01 -3.716088912209145860e+02
8.612404483780077058e+00 1.566913277853567710e+00 6.544398123365770203e+00 4.078620407430241457e+00 3.506444243287738960e+00 7.745112952259988859e+00 -1.581772284965808462e+00 -1.277796951931531755e+00 -3.969104568866043081e+01 2.352735356855493620e+01 2.356508063971910261e+01 -2.635163213838763951e+01
8.652920271441274735e+00 1.602585800468113053e+00 6.622155007131068416e+00 3.957046605839949827e+00 3.551353424569878126e+00 7.647586615771442276e+00 -1.203537741855063015e+00 -1.077499570439438337e+00 -3.983824768031109187e+01 4.502210838674341886e+01 1.539701621076145699e+01 -9.215966123396521326e+00
8.692590417497116917e+00 1.638515620340172285e+00 6.698835454490338570e+00 3.906842478491608706e+00 3.556826640812948082e+00 7.532231790185765163e+00 -7.287914477043546668e-01 -9.799234526297657677e-01 -3.992797833175499278e+01 4.744337394168218935e+01 3.225397763868868228e+00 -9.465039267421291314e+00
8.731932650291808429e+00 1.674386610129644737e+00 6.774290785747410837e+00 3.881472634085972651e+00 3.545583781694632286e+00 7.409202950356320372e+00 -2.668040367849885963e-01 -1.023801453076100598e+00 -4.003571635225281256e+01 4.329628314355358754e+01 -1.212724254484523456e+01 -1.188000458119340408e+01
8.770869864041001662e+00 1.710149638661146110e+00 6.848606716218426982e+00 3.817536575838190060e+00 3.535361689527848572e+00 7.311695371076762484e+00 1.303851527801741517e-01 -1.217001967906786719e+00 -4.017478858127785912e+01 3.376715799254201755e+01 -2.510188859872438272e+01 -1.717771723432104380e+01
8.808812935303391711e+00 1.745821935525645463e+00 6.922105886548585829e+00 3.684083193743382889e+00 3.530899190405436983e+00 7.243303414942637630e+00 9.090736019404473123e-02 -1.494863988164746971e+00 -4.071297602062865195e+01 -1.750877861037671721e+02 -2.511125814434091552e+01 -2.234314258596943148e+02
8.845176915880053059e+00 1.781602218939897675e+00 6.994902953218679720e+00 3.517604066849201683e+00 3.560146038886381259e+00 7.166248533780999352e+00 -1.833900572840238885e+00 -1.341590607940021718e+00 -4.312882866100274271e+01 2.659119128332664417e+01 2.555876441741896343e+01 -2.294718381200816992e+01
8.880041857758035562e+00 1.817793435877595121e+00 7.066797942940061361e+00 3.397588415152515307e+00 3.602900908773553290e+00 7.066256667994753826e+00 -1.422124525927789263e+00 -1.121164781407592237e+00 -4.323682846198247631e+01 4.801378859798735022e+01 1.748835883155760840e+01 -5.596298054417310652e+00
8.914052233351899446e+00 1.854268834896271922e+00 7.137614089667591699e+00 3.346370173009106441e+00 3.612889148282454777e+00 6.953187452586242934e+00 -9.154768831473931723e-01 -9.992064094753045911e-01 -4.329092487404238199e+01 5.098295614821351762e+01 6.049557188494149251e+00 -5.954116517655688945e+00
8.947768987982609445e+00 1.890706009066694504e+00 7.207228428784850038e+00 3.330793763073008673e+00 3.600972094884591357e+00 6.830104995611862684e+00 -4.114820176401948748e-01 -1.010878977997583972e+00 -4.336214046424861834e+01 4.819962133706641083e+01 -8.747587595212745981e+00 -7.988610153044882090e+00
8.981261579834081132e+00 1.927025712584913286e+00 7.275648253542896349e+00 3.292531132115531278e+00 3.590607991463666604e+00 6.722098558568728066e+00 5.281436386769720881e-02 -1.173556377082968227e+00 -4.344652080002007466e+01 4.368585797442333529e+01 -2.274968681428727280e+01 -8.539266532453369862e+00
9.014074805405039470e+00 1.963245997011183741e+00 7.343131769698164391e+00 3.193617174626246502e+00 3.582337008085844321e+00 6.642885173533129795e+00 4.542510334955470186e-01 -1.445804618780265782e+00 -4.355430462945711412e+01 2.902259836411342775e+01 -2.956116576482357416e+01 -2.002264703077601737e+01
9.045622359994061057e+00 1.999479658490553868e+00 7.409843057610867589e+00 3.050828035253950521e+00 3.598029067569107564e+00 6.562618588678439835e+00 -2.120363007476937067e+00 -1.401478839230739792e+00 -4.662270158184490754e+01 4.002804340784304316e+01 2.719692874944585270e+01 -9.358734695707457973e+00
9.075806835083557900e+00 2.036013755019659310e+00 7.475632998605303392e+00 2.935474343253731355e+00 3.635338282029186185e+00 6.461117241368400599e+00 -1.641980420567029864e+00 -1.163408995193226936e+00 -4.665970972082482859e+01 5.143845891275967830e+01 1.938589078750980832e+01 -1.581354682074285645e+00
9.105141140695470980e+00 2.072834963127678343e+00 7.540340294291727474e+00 2.882540144876043264e+00 3.649273899046387104e+00 6.349654276257009400e+00 -1.105705645116911828e+00 -1.019720704829478075e+00 -4.667968874139445745e+01 5.390031157437801568e+01 8.524945784269537086e+00 -2.884818632621480194e+00
9.134183312420420364e+00 2.109647499432381945e+00 7.603876782971227932e+00 2.871049693041983542e+00 3.637984222865561001e+00 6.229420400578971950e+00 -5.680483630710403409e-01 -1.002667419284587691e+00 -4.672045140513687045e+01 5.202605947903624894e+01 -5.617419901016829975e+00 -4.948473358133191446e+00
9.163110823255054882e+00 2.146336132083270343e+00 7.666208066812775002e+00 2.850683277744779254e+00 3.627091827785063671e+00 6.115760078024035984e+00 -5.679939568175904757e-02 -1.134780079112987838e+00 -4.676874447869077045e+01 4.965409010417886293e+01 -2.007608503783896481e+01 -3.789201180983475137e+00
9.191599952545063346e+00 2.182925213132425490e+00 7.727520038395817359e+00 2.780341285978743304e+00 3.617904034537684055e+00 6.027803549426645091e+00 4.751944273585202438e-01 -1.387732727568099733e+00 -4.675676196118715922e+01 6.318898656674790715e+01 -2.852052243684279986e+01 1.333930954292117654e+01
9.219110707004642080e+00 2.219474400544514836e+00 7.788000492012652209e+00 2.662361840694956960e+00 3.623645995080805537e+00 5.945092477879608595e+00 3.788028806806389870e+00 -1.456161982162035295e+00 -4.394188921335668851e+01 9.225151377062840652e+01 2.768757022644718901e+01 4.285599802145223691e+01
9.245422734304394652e+00 2.256220136314261993e+00 7.847552210774274783e+00 2.554740707511629072e+00 3.653501816076197173e+00 5.843285341736267569e+00 4.420766849886443417e+00 -1.205189177843494441e+00 -4.382137789589668841e+01 5.595166338404024486e+01 2.108393486082926671e+01 3.467284726182891852e+00
9.270908947165443337e+00 2.293232504835163166e+00 7.906019757540168946e+00 2.500749988636893573e+00 3.669895479826859930e+00 5.732694562467868238e+00 4.987872040039692756e+00 -1.041641503871724384e+00 -4.380561624899274875e+01 5.638858925554644230e+01 1.077679373679664288e+01 -1.062275728899766403e-01
9.296091450190870020e+00 2.330266890776234945e+00 7.963344048060011282e+00 2.489859783940220339e+00 3.660430117369380287e+00 5.616255192539770569e+00 5.552689142752503138e+00 -9.985421050234094542e-01 -4.382046314290686695e+01 5.503529633877685256e+01 -2.742442359196436641e+00 -2.512087437921410427e+00
9.321216115021094595e+00 2.367177601859900893e+00 8.019479386845077329e+00 2.480993806273056101e+00 3.648829079691384258e+00 5.500693665135540478e+00 6.098489629421061764e+00 -1.101265771563929130e+00 -4.384343459501761942e+01 5.357469471090688984e+01 -1.733565879028749279e+01 -9.990199868651827853e-01
9.346076687727361332e+00 2.403989386518663895e+00 8.074544615100347045e+00 2.432971577830048471e+00 3.639964701440181472e+00 5.406079799096158212e+00 6.679762520363500933e+00 -1.331906468711075542e+00 -4.379292294200048730e+01 6.868465303300845903e+01 -2.693157648769395962e+01 1.796148742236303875e+01
9.370204508668418697e+00 2.440737487131472871e+00 8.128728581601254888e+00 2.338621385609229275e+00 3.639469987071208834e+00 5.321221870165979695e+00 9.439160940252525833e+00 -1.498582694666540371e+00 -4.153678504754648770e+01 2.955192304466868904e+02 2.248660437865682127e+01 2.459796246287846202e+02
